Line Number,Action,Status,ErrorCode,ErrorMessage,Code,Message,ItemID,ReferenceID,ApplicationData,StartTime,EndTime,AuctionLengthFee,BoldFee,BorderFee,BuyItNowFee,CategoryFeaturedFee,CurrencyID,FeaturedFee,FeaturedGalleryFee,FixedPriceDurationFee,GalleryFee,GiftIconFee,HighlightFee,InsertionFee,InternationalInsertionFee,ListingDesignerFee,ListingFee,PhotoDisplayFee,PhotoFee,ProPackBundleFee,ReserveFee,SchedulingFee,SubtitleFee,CustomLabel,PrivateNotes,BasicUpgradePackBundleFee,ValuePackBundleFee,ProPackPlusBundleFee,SellerInventoryID,CrossBorderTradeNorthAmericaFee,CrossBorderTradeGBFee,RefundFromSeller,TotalRefundToBuyer,CorrelationID,,*Action(SiteID=US|Country=US|Currency=USD|Version=745),*Category,*Title,Subtitle,*Description,*ConditionID,ConditionDescription,*PicURL,*Quantity,*Format,*StartPrice,BuyItNowPrice,*Duration,ImmediatePayRequired,*Location,GalleryType,PayPalAccepted,PayPalEmailAddress,PaymentInstructions,StoreCategory,ShippingDiscountProfileID,DomesticRateTable,ShippingType,SalesTaxPercent,SalesTaxState,ShippingInTax,UseTaxTable,PostalCode,ShippingService-1:Option,ShippingService-1:Cost,ShippingService-1:Priority,ShippingService-1:ShippingSurcharge,DispatchTimeMax,*CustomLabel,ReturnsAcceptedOption,RefundOption,ReturnsWithinOption,ShippingCostPaidByOption,AdditionalDetails,ShippingProfileName,ReturnProfileName,PaymentProfileName,SiteID,BoldTitle,Featured,Highlight,Border,HomePageFeatured,LinkedPayPalAccount,MaximumItemCount,MaxItemMinFeedback,MaxUnpaidItemsCount,MaxUnpaidItemsPeriod,MaxViolationCount,MaxViolationPeriod,MinimumFeebackScore,ShiptoRegCountry,C:Brand,C:Size Type,C:Size,C:Style,C:Color
10,VerifyAdd,Failure,21916519,#quote#Error - Listing is missing required item specific(s): #quote##quote#Brand#comma# Size Type#comma# Bottoms Size (Men's)#comma# Inseam#comma# Style#quote##quote#. Please provide the required item specifics.|Brand#comma# Size Type#comma# Bottoms Size (Men's)#comma# Inseam#comma# Style|11483|#quote#,,,,,,,,,,,,,,,,,,,,,,,,,,,,,,4PH883NBLAXLG,,,,,,,,,,,,VerifyAdd,11483,Carhartt Mn L/S Chest LogoTee Black X Large        ,,<html><body>empty</body></html>,1000,,http://images.nationalgeographic.com/wpf/media-live/photos/000/687/cache/bonobo-congo-ziegler_68751_990x742.jpg,1,Auction,0.01,,3,0,55406,Gallery,1,sales@skygroupcloseouts.com,If you need a revised invoice for combined shipping#comma# please contact us before paying so we can adjust the shipping costs.,,,,Flat,6.875,MN,1,0,55406,FedExHomeDelivery,12,1,10,1,4PH883NBLAXLG,ReturnsAccepted,MoneyBackOrExchange,Days_14,Buyer,Please contact us before returning any item. Items listed AS-IS or For Parts/Repair are not covered by our return policy.  We offer 14 days to return item after receiving it. If item is defective we will supply return shipping label. Item must be returned in original packaging with all accessories included. We also charge a 15% restocking fee for cancelled transactions that are not shipped#comma# or we let it go to eBay as an unpaid bidder case.  Do Not Bid If You Do Not Intend To Follow Through!,,,,US,0,0,0,0,0,1,100,5,2,Days_30,4,1,-1,1,,,,,
11,VerifyAdd,Failure,21916519,#quote#Error - Listing is missing required item specific(s): #quote##quote#Brand#comma# Size Type#comma# Bottoms Size (Men's)#comma# Inseam#comma# Style#quote##quote#. Please provide the required item specifics.|Brand#comma# Size Type#comma# Bottoms Size (Men's)#comma# Inseam#comma# Style|11483|#quote#,,,,,,,,,,,,,,,,,,,,,,,,,,,,,,4PW391BLUA2XL,,,,,,,,,,,,VerifyAdd,11483,Jessica Simpson Wm Flare Dress Blue 2 XL           ,,<html><body>empty</body></html>,1000,,http://images.nationalgeographic.com/wpf/media-live/photos/000/687/cache/bonobo-congo-ziegler_68751_990x742.jpg,1,Auction,0.01,,3,0,55406,Gallery,1,sales@skygroupcloseouts.com,If you need a revised invoice for combined shipping#comma# please contact us before paying so we can adjust the shipping costs.,,,,Flat,6.875,MN,1,0,55406,FedExHomeDelivery,12,1,10,1,4PW391BLUA2XL,ReturnsAccepted,MoneyBackOrExchange,Days_14,Buyer,Please contact us before returning any item. Items listed AS-IS or For Parts/Repair are not covered by our return policy.  We offer 14 days to return item after receiving it. If item is defective we will supply return shipping label. Item must be returned in original packaging with all accessories included. We also charge a 15% restocking fee for cancelled transactions that are not shipped#comma# or we let it go to eBay as an unpaid bidder case.  Do Not Bid If You Do Not Intend To Follow Through!,,,,US,0,0,0,0,0,1,100,5,2,Days_30,4,1,-1,1,,,,,
12,VerifyAdd,Failure,21916519,#quote#Error - Listing is missing required item specific(s): #quote##quote#Brand#comma# Style#comma# Size Type#comma# Size (Men's)#quote##quote#. Please provide the required item specifics.|Brand#comma# Style#comma# Size Type#comma# Size (Men's)|11484|#quote#,,,,,,,,,,,,,,,,,,,,,,,,,,,,,,4PH883NBLAXLG,,,,,,,,,,,,VerifyAdd,11484,Carhartt Mn L/S Chest LogoTee Black X Large        ,,<html><body>empty</body></html>,1000,,http://images.nationalgeographic.com/wpf/media-live/photos/000/687/cache/bonobo-congo-ziegler_68751_990x742.jpg,1,Auction,0.01,,3,0,55406,Gallery,1,sales@skygroupcloseouts.com,If you need a revised invoice for combined shipping#comma# please contact us before paying so we can adjust the shipping costs.,,,,Flat,6.875,MN,1,0,55406,FedExHomeDelivery,12,1,10,1,4PH883NBLAXLG,ReturnsAccepted,MoneyBackOrExchange,Days_14,Buyer,Please contact us before returning any item. Items listed AS-IS or For Parts/Repair are not covered by our return policy.  We offer 14 days to return item after receiving it. If item is defective we will supply return shipping label. Item must be returned in original packaging with all accessories included. We also charge a 15% restocking fee for cancelled transactions that are not shipped#comma# or we let it go to eBay as an unpaid bidder case.  Do Not Bid If You Do Not Intend To Follow Through!,,,,US,0,0,0,0,0,1,100,5,2,Days_30,4,1,-1,1,,,,,
13,VerifyAdd,Failure,21916519,#quote#Error - Listing is missing required item specific(s): #quote##quote#Brand#comma# Style#comma# Size Type#comma# Size (Men's)#quote##quote#. Please provide the required item specifics.|Brand#comma# Style#comma# Size Type#comma# Size (Men's)|11484|#quote#,,,,,,,,,,,,,,,,,,,,,,,,,,,,,,4P9261NBLMNXL,,,,,,,,,,,,VerifyAdd,11484,Carhartt Therm Hooded Swtshrt Black XL46-48        ,,<html><body>empty</body></html>,1000,,http://images.nationalgeographic.com/wpf/media-live/photos/000/687/cache/bonobo-congo-ziegler_68751_990x742.jpg,1,Auction,0.01,,3,0,55406,Gallery,1,sales@skygroupcloseouts.com,If you need a revised invoice for combined shipping#comma# please contact us before paying so we can adjust the shipping costs.,,,,Flat,6.875,MN,1,0,55406,FedExHomeDelivery,12,1,10,1,4P9261NBLMNXL,ReturnsAccepted,MoneyBackOrExchange,Days_14,Buyer,Please contact us before returning any item. Items listed AS-IS or For Parts/Repair are not covered by our return policy.  We offer 14 days to return item after receiving it. If item is defective we will supply return shipping label. Item must be returned in original packaging with all accessories included. We also charge a 15% restocking fee for cancelled transactions that are not shipped#comma# or we let it go to eBay as an unpaid bidder case.  Do Not Bid If You Do Not Intend To Follow Through!,,,,US,0,0,0,0,0,1,100,5,2,Days_30,4,1,-1,1,,,,,
14,VerifyAdd,Failure,21916519,#quote#Error - Listing is missing required item specific(s): #quote##quote#Brand#comma# Style#comma# Size Type#comma# Size (Men's)#quote##quote#. Please provide the required item specifics.|Brand#comma# Style#comma# Size Type#comma# Size (Men's)|11484|#quote#,,,,,,,,,,,,,,,,,,,,,,,,,,,,,,4PS664YELALRG,,,,,,,,,,,,VerifyAdd,11484,Lola P Ms Sharkbite Tunic Yellow Large             ,,<html><body>empty</body></html>,1000,,http://images.nationalgeographic.com/wpf/media-live/photos/000/687/cache/bonobo-congo-ziegler_68751_990x742.jpg,1,Auction,0.01,,3,0,55406,Gallery,1,sales@skygroupcloseouts.com,If you need a revised invoice for combined shipping#comma# please contact us before paying so we can adjust the shipping costs.,,,,Flat,6.875,MN,1,0,55406,FedExHomeDelivery,12,1,10,1,4PS664YELALRG,ReturnsAccepted,MoneyBackOrExchange,Days_14,Buyer,Please contact us before returning any item. Items listed AS-IS or For Parts/Repair are not covered by our return policy.  We offer 14 days to return item after receiving it. If item is defective we will supply return shipping label. Item must be returned in original packaging with all accessories included. We also charge a 15% restocking fee for cancelled transactions that are not shipped#comma# or we let it go to eBay as an unpaid bidder case.  Do Not Bid If You Do Not Intend To Follow Through!,,,,US,0,0,0,0,0,1,100,5,2,Days_30,4,1,-1,1,,,,,
15,VerifyAdd,Failure,21916519,#quote#Error - Listing is missing required item specific(s): #quote##quote#Brand#comma# Style#comma# US Shoe Size (Men's)#quote##quote#. Please provide the required item specifics.|Brand#comma# Style#comma# US Shoe Size (Men's)|11498|#quote#,,,,,,,,,,,,,,,,,,,,,,,,,,,,,,4PG991000S080,,,,,,,,,,,,VerifyAdd,11498,Rocky RAM L2 Boot 8                                ,,<html><body>empty</body></html>,1000,,http://images.nationalgeographic.com/wpf/media-live/photos/000/687/cache/bonobo-congo-ziegler_68751_990x742.jpg,1,Auction,0.01,,3,0,55406,Gallery,1,sales@skygroupcloseouts.com,If you need a revised invoice for combined shipping#comma# please contact us before paying so we can adjust the shipping costs.,,,,Flat,6.875,MN,1,0,55406,FedExHomeDelivery,12,1,10,1,4PG991000S080,ReturnsAccepted,MoneyBackOrExchange,Days_14,Buyer,Please contact us before returning any item. Items listed AS-IS or For Parts/Repair are not covered by our return policy.  We offer 14 days to return item after receiving it. If item is defective we will supply return shipping label. Item must be returned in original packaging with all accessories included. We also charge a 15% restocking fee for cancelled transactions that are not shipped#comma# or we let it go to eBay as an unpaid bidder case.  Do Not Bid If You Do Not Intend To Follow Through!,,,,US,0,0,0,0,0,1,100,5,2,Days_30,4,1,-1,1,,,,,
16,VerifyAdd,Failure,21916519,#quote#Error - Listing is missing required item specific(s): #quote##quote#Brand#comma# Style#comma# US Shoe Size (Men's)#quote##quote#. Please provide the required item specifics.|Brand#comma# Style#comma# US Shoe Size (Men's)|11498|#quote#,,,,,,,,,,,,,,,,,,,,,,,,,,,,,,4NT557000S100,,,,,,,,,,,,VerifyAdd,11498,Rocky Ridge Stalker 2000g Boot 10                  ,,<html><body>empty</body></html>,1000,,http://images.nationalgeographic.com/wpf/media-live/photos/000/687/cache/bonobo-congo-ziegler_68751_990x742.jpg,1,Auction,0.01,,3,0,55406,Gallery,1,sales@skygroupcloseouts.com,If you need a revised invoice for combined shipping#comma# please contact us before paying so we can adjust the shipping costs.,,,,Flat,6.875,MN,1,0,55406,FedExHomeDelivery,12,1,10,1,4NT557000S100,ReturnsAccepted,MoneyBackOrExchange,Days_14,Buyer,Please contact us before returning any item. Items listed AS-IS or For Parts/Repair are not covered by our return policy.  We offer 14 days to return item after receiving it. If item is defective we will supply return shipping label. Item must be returned in original packaging with all accessories included. We also charge a 15% restocking fee for cancelled transactions that are not shipped#comma# or we let it go to eBay as an unpaid bidder case.  Do Not Bid If You Do Not Intend To Follow Through!,,,,US,0,0,0,0,0,1,100,5,2,Days_30,4,1,-1,1,,,,,
17,VerifyAdd,Failure,21916519,#quote#Error - Listing is missing required item specific(s): #quote##quote#Brand#comma# Style#comma# US Shoe Size (Men's)#quote##quote#. Please provide the required item specifics.|Brand#comma# Style#comma# US Shoe Size (Men's)|11498|#quote#,,,,,,,,,,,,,,,,,,,,,,,,,,,,,,4NT557000S130,,,,,,,,,,,,VerifyAdd,11498,Rocky Ridge Stalker 2000g Boot 13                  ,,<html><body>empty</body></html>,1000,,http://images.nationalgeographic.com/wpf/media-live/photos/000/687/cache/bonobo-congo-ziegler_68751_990x742.jpg,1,Auction,0.01,,3,0,55406,Gallery,1,sales@skygroupcloseouts.com,If you need a revised invoice for combined shipping#comma# please contact us before paying so we can adjust the shipping costs.,,,,Flat,6.875,MN,1,0,55406,FedExHomeDelivery,12,1,10,1,4NT557000S130,ReturnsAccepted,MoneyBackOrExchange,Days_14,Buyer,Please contact us before returning any item. Items listed AS-IS or For Parts/Repair are not covered by our return policy.  We offer 14 days to return item after receiving it. If item is defective we will supply return shipping label. Item must be returned in original packaging with all accessories included. We also charge a 15% restocking fee for cancelled transactions that are not shipped#comma# or we let it go to eBay as an unpaid bidder case.  Do Not Bid If You Do Not Intend To Follow Through!,,,,US,0,0,0,0,0,1,100,5,2,Days_30,4,1,-1,1,,,,,
18,VerifyAdd,Failure,21916519,#quote#Error - Listing is missing required item specific(s): #quote##quote#Brand#comma# Style#comma# US Shoe Size (Men's)#quote##quote#. Please provide the required item specifics.|Brand#comma# Style#comma# US Shoe Size (Men's)|11498|#quote#,,,,,,,,,,,,,,,,,,,,,,,,,,,,,,4NN463NWTS130,,,,,,,,,,,,VerifyAdd,11498,Timberland MN Clasic FieldBoot Wheat 13            ,,<html><body>empty</body></html>,1000,,http://images.nationalgeographic.com/wpf/media-live/photos/000/687/cache/bonobo-congo-ziegler_68751_990x742.jpg,1,Auction,0.01,,3,0,55406,Gallery,1,sales@skygroupcloseouts.com,If you need a revised invoice for combined shipping#comma# please contact us before paying so we can adjust the shipping costs.,,,,Flat,6.875,MN,1,0,55406,FedExHomeDelivery,12,1,10,1,4NN463NWTS130,ReturnsAccepted,MoneyBackOrExchange,Days_14,Buyer,Please contact us before returning any item. Items listed AS-IS or For Parts/Repair are not covered by our return policy.  We offer 14 days to return item after receiving it. If item is defective we will supply return shipping label. Item must be returned in original packaging with all accessories included. We also charge a 15% restocking fee for cancelled transactions that are not shipped#comma# or we let it go to eBay as an unpaid bidder case.  Do Not Bid If You Do Not Intend To Follow Through!,,,,US,0,0,0,0,0,1,100,5,2,Days_30,4,1,-1,1,,,,,
19,VerifyAdd,Failure,21916519,#quote#Error - Listing is missing required item specific(s): #quote##quote#Brand#comma# Style#comma# US Shoe Size (Men's)#quote##quote#. Please provide the required item specifics.|Brand#comma# Style#comma# US Shoe Size (Men's)|11498|#quote#,,,,,,,,,,,,,,,,,,,,,,,,,,,,,,4H0950000S085,,,,,,,,,,,,VerifyAdd,11498,Timber 400 Workboot-BRN-8 1/2                      ,,<html><body>empty</body></html>,1000,,http://images.nationalgeographic.com/wpf/media-live/photos/000/687/cache/bonobo-congo-ziegler_68751_990x742.jpg,1,Auction,0.01,,3,0,55406,Gallery,1,sales@skygroupcloseouts.com,If you need a revised invoice for combined shipping#comma# please contact us before paying so we can adjust the shipping costs.,,,,Flat,6.875,MN,1,0,55406,FedExHomeDelivery,12,1,10,1,4H0950000S085,ReturnsAccepted,MoneyBackOrExchange,Days_14,Buyer,Please contact us before returning any item. Items listed AS-IS or For Parts/Repair are not covered by our return policy.  We offer 14 days to return item after receiving it. If item is defective we will supply return shipping label. Item must be returned in original packaging with all accessories included. We also charge a 15% restocking fee for cancelled transactions that are not shipped#comma# or we let it go to eBay as an unpaid bidder case.  Do Not Bid If You Do Not Intend To Follow Through!,,,,US,0,0,0,0,0,1,100,5,2,Days_30,4,1,-1,1,,,,,
20,VerifyAdd,Failure,21916519,#quote#Error - Listing is missing required item specific(s): #quote##quote#Brand#comma# Style#comma# US Shoe Size (Men's)#quote##quote#. Please provide the required item specifics.|Brand#comma# Style#comma# US Shoe Size (Men's)|11498|#quote#,,,,,,,,,,,,,,,,,,,,,,,,,,,,,,4PU498NBLS080,,,,,,,,,,,,VerifyAdd,11498,Skechers WM Color Pop Sandal Black 8               ,,<html><body>empty</body></html>,1000,,http://images.nationalgeographic.com/wpf/media-live/photos/000/687/cache/bonobo-congo-ziegler_68751_990x742.jpg,1,Auction,0.01,,3,0,55406,Gallery,1,sales@skygroupcloseouts.com,If you need a revised invoice for combined shipping#comma# please contact us before paying so we can adjust the shipping costs.,,,,Flat,6.875,MN,1,0,55406,FedExHomeDelivery,12,1,10,1,4PU498NBLS080,ReturnsAccepted,MoneyBackOrExchange,Days_14,Buyer,Please contact us before returning any item. Items listed AS-IS or For Parts/Repair are not covered by our return policy.  We offer 14 days to return item after receiving it. If item is defective we will supply return shipping label. Item must be returned in original packaging with all accessories included. We also charge a 15% restocking fee for cancelled transactions that are not shipped#comma# or we let it go to eBay as an unpaid bidder case.  Do Not Bid If You Do Not Intend To Follow Through!,,,,US,0,0,0,0,0,1,100,5,2,Days_30,4,1,-1,1,,,,,
21,VerifyAdd,Failure,21916519,#quote#Error - Listing is missing required item specific(s): #quote##quote#Brand#comma# Style#comma# US Shoe Size (Men's)#quote##quote#. Please provide the required item specifics.|Brand#comma# Style#comma# US Shoe Size (Men's)|11498|#quote#,,,,,,,,,,,,,,,,,,,,,,,,,,,,,,4PW402NHGA2XL,,,,,,,,,,,,VerifyAdd,11498,SpRottenWm Stripe Cardigan Top Heather Gray 2 XL   ,,<html><body>empty</body></html>,1000,,http://images.nationalgeographic.com/wpf/media-live/photos/000/687/cache/bonobo-congo-ziegler_68751_990x742.jpg,1,Auction,0.01,,3,0,55406,Gallery,1,sales@skygroupcloseouts.com,If you need a revised invoice for combined shipping#comma# please contact us before paying so we can adjust the shipping costs.,,,,Flat,6.875,MN,1,0,55406,FedExHomeDelivery,12,1,10,1,4PW402NHGA2XL,ReturnsAccepted,MoneyBackOrExchange,Days_14,Buyer,Please contact us before returning any item. Items listed AS-IS or For Parts/Repair are not covered by our return policy.  We offer 14 days to return item after receiving it. If item is defective we will supply return shipping label. Item must be returned in original packaging with all accessories included. We also charge a 15% restocking fee for cancelled transactions that are not shipped#comma# or we let it go to eBay as an unpaid bidder case.  Do Not Bid If You Do Not Intend To Follow Through!,,,,US,0,0,0,0,0,1,100,5,2,Days_30,4,1,-1,1,,,,,
22,VerifyAdd,Failure,21916519,#quote#Error - Listing is missing required item specific(s): #quote##quote#Brand#comma# Size Type#comma# Bottoms Size (Women's)#comma# Style#quote##quote#. Please provide the required item specifics.|Brand#comma# Size Type#comma# Bottoms Size (Women's)#comma# Style|11554|#quote#,,,,,,,,,,,,,,,,,,,,,,,,,,,,,,4N9046NTNP320,,,,,,,,,,,,VerifyAdd,11554,Carhartt Canvas Work Dungaree Tan 32W 30L          ,,<html><body>empty</body></html>,1000,,http://images.nationalgeographic.com/wpf/media-live/photos/000/687/cache/bonobo-congo-ziegler_68751_990x742.jpg,1,Auction,0.01,,3,0,55406,Gallery,1,sales@skygroupcloseouts.com,If you need a revised invoice for combined shipping#comma# please contact us before paying so we can adjust the shipping costs.,,,,Flat,6.875,MN,1,0,55406,FedExHomeDelivery,12,1,10,1,4N9046NTNP320,ReturnsAccepted,MoneyBackOrExchange,Days_14,Buyer,Please contact us before returning any item. Items listed AS-IS or For Parts/Repair are not covered by our return policy.  We offer 14 days to return item after receiving it. If item is defective we will supply return shipping label. Item must be returned in original packaging with all accessories included. We also charge a 15% restocking fee for cancelled transactions that are not shipped#comma# or we let it go to eBay as an unpaid bidder case.  Do Not Bid If You Do Not Intend To Follow Through!,,,,US,0,0,0,0,0,1,100,5,2,Days_30,4,1,-1,1,,,,,
23,VerifyAdd,Failure,21916519,#quote#Error - Listing is missing required item specific(s): #quote##quote#Brand#comma# Size Type#comma# Bottoms Size (Women's)#comma# Style#quote##quote#. Please provide the required item specifics.|Brand#comma# Size Type#comma# Bottoms Size (Women's)#comma# Style|11554|#quote#,,,,,,,,,,,,,,,,,,,,,,,,,,,,,,4PH721GOLWJ25,,,,,,,,,,,,VerifyAdd,11554,JessSimpson Ms Kiss Me Jegging Olive 25            ,,<html><body>empty</body></html>,1000,,http://images.nationalgeographic.com/wpf/media-live/photos/000/687/cache/bonobo-congo-ziegler_68751_990x742.jpg,1,Auction,0.01,,3,0,55406,Gallery,1,sales@skygroupcloseouts.com,If you need a revised invoice for combined shipping#comma# please contact us before paying so we can adjust the shipping costs.,,,,Flat,6.875,MN,1,0,55406,FedExHomeDelivery,12,1,10,1,4PH721GOLWJ25,ReturnsAccepted,MoneyBackOrExchange,Days_14,Buyer,Please contact us before returning any item. Items listed AS-IS or For Parts/Repair are not covered by our return policy.  We offer 14 days to return item after receiving it. If item is defective we will supply return shipping label. Item must be returned in original packaging with all accessories included. We also charge a 15% restocking fee for cancelled transactions that are not shipped#comma# or we let it go to eBay as an unpaid bidder case.  Do Not Bid If You Do Not Intend To Follow Through!,,,,US,0,0,0,0,0,1,100,5,2,Days_30,4,1,-1,1,,,,,
24,VerifyAdd,Failure,21916519,#quote#Error - Listing is missing required item specific(s): #quote##quote#Brand#comma# Size Type#comma# Bottoms Size (Women's)#comma# Style#quote##quote#. Please provide the required item specifics.|Brand#comma# Size Type#comma# Bottoms Size (Women's)#comma# Style|11554|#quote#,,,,,,,,,,,,,,,,,,,,,,,,,,,,,,4NY696BDNQJ16,,,,,,,,,,,,VerifyAdd,11554,AppleBottoms MS 5PcktBltdCapri Denim 15/16         ,,<html><body>empty</body></html>,1000,,http://images.nationalgeographic.com/wpf/media-live/photos/000/687/cache/bonobo-congo-ziegler_68751_990x742.jpg,1,Auction,0.01,,3,0,55406,Gallery,1,sales@skygroupcloseouts.com,If you need a revised invoice for combined shipping#comma# please contact us before paying so we can adjust the shipping costs.,,,,Flat,6.875,MN,1,0,55406,FedExHomeDelivery,12,1,10,1,4NY696BDNQJ16,ReturnsAccepted,MoneyBackOrExchange,Days_14,Buyer,Please contact us before returning any item. Items listed AS-IS or For Parts/Repair are not covered by our return policy.  We offer 14 days to return item after receiving it. If item is defective we will supply return shipping label. Item must be returned in original packaging with all accessories included. We also charge a 15% restocking fee for cancelled transactions that are not shipped#comma# or we let it go to eBay as an unpaid bidder case.  Do Not Bid If You Do Not Intend To Follow Through!,,,,US,0,0,0,0,0,1,100,5,2,Days_30,4,1,-1,1,,,,,
25,VerifyAdd,Failure,21916519,#quote#Error - Listing is missing required item specific(s): #quote##quote#Brand#comma# Size Type#comma# Bottoms Size (Women's)#comma# Style#quote##quote#. Please provide the required item specifics.|Brand#comma# Size Type#comma# Bottoms Size (Women's)#comma# Style|11554|#quote#,,,,,,,,,,,,,,,,,,,,,,,,,,,,,,4NY697ORGW022,,,,,,,,,,,,VerifyAdd,11554,AppleBottoms WM 5PcktBltdCapri Orange 22W          ,,<html><body>empty</body></html>,1000,,http://images.nationalgeographic.com/wpf/media-live/photos/000/687/cache/bonobo-congo-ziegler_68751_990x742.jpg,1,Auction,0.01,,3,0,55406,Gallery,1,sales@skygroupcloseouts.com,If you need a revised invoice for combined shipping#comma# please contact us before paying so we can adjust the shipping costs.,,,,Flat,6.875,MN,1,0,55406,FedExHomeDelivery,12,1,10,1,4NY697ORGW022,ReturnsAccepted,MoneyBackOrExchange,Days_14,Buyer,Please contact us before returning any item. Items listed AS-IS or For Parts/Repair are not covered by our return policy.  We offer 14 days to return item after receiving it. If item is defective we will supply return shipping label. Item must be returned in original packaging with all accessories included. We also charge a 15% restocking fee for cancelled transactions that are not shipped#comma# or we let it go to eBay as an unpaid bidder case.  Do Not Bid If You Do Not Intend To Follow Through!,,,,US,0,0,0,0,0,1,100,5,2,Days_30,4,1,-1,1,,,,,
26,VerifyAdd,Failure,21916519,#quote#Error - Listing is missing required item specific(s): #quote##quote#Brand#comma# Size Type#comma# Bottoms Size (Women's)#comma# Style#quote##quote#. Please provide the required item specifics.|Brand#comma# Size Type#comma# Bottoms Size (Women's)#comma# Style|11554|#quote#,,,,,,,,,,,,,,,,,,,,,,,,,,,,,,4PW585000WJ30,,,,,,,,,,,,VerifyAdd,11554,JSimp Ms KissMeJeg Peach Print 30                  ,,<html><body>empty</body></html>,1000,,http://images.nationalgeographic.com/wpf/media-live/photos/000/687/cache/bonobo-congo-ziegler_68751_990x742.jpg,1,Auction,0.01,,3,0,55406,Gallery,1,sales@skygroupcloseouts.com,If you need a revised invoice for combined shipping#comma# please contact us before paying so we can adjust the shipping costs.,,,,Flat,6.875,MN,1,0,55406,FedExHomeDelivery,12,1,10,1,4PW585000WJ30,ReturnsAccepted,MoneyBackOrExchange,Days_14,Buyer,Please contact us before returning any item. Items listed AS-IS or For Parts/Repair are not covered by our return policy.  We offer 14 days to return item after receiving it. If item is defective we will supply return shipping label. Item must be returned in original packaging with all accessories included. We also charge a 15% restocking fee for cancelled transactions that are not shipped#comma# or we let it go to eBay as an unpaid bidder case.  Do Not Bid If You Do Not Intend To Follow Through!,,,,US,0,0,0,0,0,1,100,5,2,Days_30,4,1,-1,1,,,,,
27,VerifyAdd,Failure,21916519,#quote#Error - Listing is missing required item specific(s): #quote##quote#Brand#comma# Size Type#comma# Bottoms Size (Women's)#comma# Style#quote##quote#. Please provide the required item specifics.|Brand#comma# Size Type#comma# Bottoms Size (Women's)#comma# Style|11554|#quote#,,,,,,,,,,,,,,,,,,,,,,,,,,,,,,4NY696BLUQJ56,,,,,,,,,,,,VerifyAdd,11554,AppleBottoms MS 5PcktBltdCapri Blue 5/6            ,,<html><body>empty</body></html>,1000,,http://images.nationalgeographic.com/wpf/media-live/photos/000/687/cache/bonobo-congo-ziegler_68751_990x742.jpg,1,Auction,0.01,,3,0,55406,Gallery,1,sales@skygroupcloseouts.com,If you need a revised invoice for combined shipping#comma# please contact us before paying so we can adjust the shipping costs.,,,,Flat,6.875,MN,1,0,55406,FedExHomeDelivery,12,1,10,1,4NY696BLUQJ56,ReturnsAccepted,MoneyBackOrExchange,Days_14,Buyer,Please contact us before returning any item. Items listed AS-IS or For Parts/Repair are not covered by our return policy.  We offer 14 days to return item after receiving it. If item is defective we will supply return shipping label. Item must be returned in original packaging with all accessories included. We also charge a 15% restocking fee for cancelled transactions that are not shipped#comma# or we let it go to eBay as an unpaid bidder case.  Do Not Bid If You Do Not Intend To Follow Through!,,,,US,0,0,0,0,0,1,100,5,2,Days_30,4,1,-1,1,,,,,
28,VerifyAdd,Failure,21916519,#quote#Error - Listing is missing required item specific(s): #quote##quote#Brand#comma# Size Type#comma# Bottoms Size (Women's)#comma# Style#quote##quote#. Please provide the required item specifics.|Brand#comma# Size Type#comma# Bottoms Size (Women's)#comma# Style|11554|#quote#,,,,,,,,,,,,,,,,,,,,,,,,,,,,,,4QJ031NBLAXLG,,,,,,,,,,,,VerifyAdd,11554,CarharttLdsSndstneSierraJacket Black X Large       ,,<html><body>empty</body></html>,1000,,http://images.nationalgeographic.com/wpf/media-live/photos/000/687/cache/bonobo-congo-ziegler_68751_990x742.jpg,1,Auction,0.01,,3,0,55406,Gallery,1,sales@skygroupcloseouts.com,If you need a revised invoice for combined shipping#comma# please contact us before paying so we can adjust the shipping costs.,,,,Flat,6.875,MN,1,0,55406,FedExHomeDelivery,12,1,10,1,4QJ031NBLAXLG,ReturnsAccepted,MoneyBackOrExchange,Days_14,Buyer,Please contact us before returning any item. Items listed AS-IS or For Parts/Repair are not covered by our return policy.  We offer 14 days to return item after receiving it. If item is defective we will supply return shipping label. Item must be returned in original packaging with all accessories included. We also charge a 15% restocking fee for cancelled transactions that are not shipped#comma# or we let it go to eBay as an unpaid bidder case.  Do Not Bid If You Do Not Intend To Follow Through!,,,,US,0,0,0,0,0,1,100,5,2,Days_30,4,1,-1,1,,,,,
29,VerifyAdd,Failure,21916519,#quote#Error - Listing is missing required item specific(s): #quote##quote#Brand#comma# Size Type#comma# Bottoms Size (Women's)#comma# Style#quote##quote#. Please provide the required item specifics.|Brand#comma# Size Type#comma# Bottoms Size (Women's)#comma# Style|11554|#quote#,,,,,,,,,,,,,,,,,,,,,,,,,,,,,,4NY696BDNQJXS,,,,,,,,,,,,VerifyAdd,11554,AppleBottoms MS 5PcktBltdCapri Denim 3/4           ,,<html><body>empty</body></html>,1000,,http://images.nationalgeographic.com/wpf/media-live/photos/000/687/cache/bonobo-congo-ziegler_68751_990x742.jpg,1,Auction,0.01,,3,0,55406,Gallery,1,sales@skygroupcloseouts.com,If you need a revised invoice for combined shipping#comma# please contact us before paying so we can adjust the shipping costs.,,,,Flat,6.875,MN,1,0,55406,FedExHomeDelivery,12,1,10,1,4NY696BDNQJXS,ReturnsAccepted,MoneyBackOrExchange,Days_14,Buyer,Please contact us before returning any item. Items listed AS-IS or For Parts/Repair are not covered by our return policy.  We offer 14 days to return item after receiving it. If item is defective we will supply return shipping label. Item must be returned in original packaging with all accessories included. We also charge a 15% restocking fee for cancelled transactions that are not shipped#comma# or we let it go to eBay as an unpaid bidder case.  Do Not Bid If You Do Not Intend To Follow Through!,,,,US,0,0,0,0,0,1,100,5,2,Days_30,4,1,-1,1,,,,,
30,VerifyAdd,Failure,21916519,#quote#Error - Listing is missing required item specific(s): #quote##quote#Brand#comma# Size Type#comma# Bottoms Size (Women's)#comma# Style#quote##quote#. Please provide the required item specifics.|Brand#comma# Size Type#comma# Bottoms Size (Women's)#comma# Style|11554|#quote#,,,,,,,,,,,,,,,,,,,,,,,,,,,,,,4J3204NSB0010,,,,,,,,,,,,VerifyAdd,11554,Classic Soft Suede 18#quote# Pillow-Sable                ,,<html><body>empty</body></html>,1000,,http://images.nationalgeographic.com/wpf/media-live/photos/000/687/cache/bonobo-congo-ziegler_68751_990x742.jpg,1,Auction,0.01,,3,0,55406,Gallery,1,sales@skygroupcloseouts.com,If you need a revised invoice for combined shipping#comma# please contact us before paying so we can adjust the shipping costs.,,,,Flat,6.875,MN,1,0,55406,FedExHomeDelivery,12,1,10,1,4J3204NSB0010,ReturnsAccepted,MoneyBackOrExchange,Days_14,Buyer,Please contact us before returning any item. Items listed AS-IS or For Parts/Repair are not covered by our return policy.  We offer 14 days to return item after receiving it. If item is defective we will supply return shipping label. Item must be returned in original packaging with all accessories included. We also charge a 15% restocking fee for cancelled transactions that are not shipped#comma# or we let it go to eBay as an unpaid bidder case.  Do Not Bid If You Do Not Intend To Follow Through!,,,,US,0,0,0,0,0,1,100,5,2,Days_30,4,1,-1,1,,,,,
31,VerifyAdd,Failure,21916519,#quote#Error - Listing is missing required item specific(s): #quote##quote#Brand#comma# Size Type#comma# Bottoms Size (Women's)#comma# Style#quote##quote#. Please provide the required item specifics.|Brand#comma# Size Type#comma# Bottoms Size (Women's)#comma# Style|11554|#quote#,,,,,,,,,,,,,,,,,,,,,,,,,,,,,,4PA687NBLBD40,,,,,,,,,,,,VerifyAdd,11554,Cortland FF Minimizer Bra Black 40 D               ,,<html><body>empty</body></html>,1000,,http://images.nationalgeographic.com/wpf/media-live/photos/000/687/cache/bonobo-congo-ziegler_68751_990x742.jpg,1,Auction,0.01,,3,0,55406,Gallery,1,sales@skygroupcloseouts.com,If you need a revised invoice for combined shipping#comma# please contact us before paying so we can adjust the shipping costs.,,,,Flat,6.875,MN,1,0,55406,FedExHomeDelivery,12,1,10,1,4PA687NBLBD40,ReturnsAccepted,MoneyBackOrExchange,Days_14,Buyer,Please contact us before returning any item. Items listed AS-IS or For Parts/Repair are not covered by our return policy.  We offer 14 days to return item after receiving it. If item is defective we will supply return shipping label. Item must be returned in original packaging with all accessories included. We also charge a 15% restocking fee for cancelled transactions that are not shipped#comma# or we let it go to eBay as an unpaid bidder case.  Do Not Bid If You Do Not Intend To Follow Through!,,,,US,0,0,0,0,0,1,100,5,2,Days_30,4,1,-1,1,,,,,
32,VerifyAdd,Failure,21916519,#quote#Error - Listing is missing required item specific(s): #quote##quote#Brand#comma# Size Type#comma# Bottoms Size (Women's)#comma# Style#quote##quote#. Please provide the required item specifics.|Brand#comma# Size Type#comma# Bottoms Size (Women's)#comma# Style|11554|#quote#,,,,,,,,,,,,,,,,,,,,,,,,,,,,,,4NY697BLUW014,,,,,,,,,,,,VerifyAdd,11554,AppleBottoms WM 5PcktBltdCapri Blue 14W            ,,<html><body>empty</body></html>,1000,,http://images.nationalgeographic.com/wpf/media-live/photos/000/687/cache/bonobo-congo-ziegler_68751_990x742.jpg,1,Auction,0.01,,3,0,55406,Gallery,1,sales@skygroupcloseouts.com,If you need a revised invoice for combined shipping#comma# please contact us before paying so we can adjust the shipping costs.,,,,Flat,6.875,MN,1,0,55406,FedExHomeDelivery,12,1,10,1,4NY697BLUW014,ReturnsAccepted,MoneyBackOrExchange,Days_14,Buyer,Please contact us before returning any item. Items listed AS-IS or For Parts/Repair are not covered by our return policy.  We offer 14 days to return item after receiving it. If item is defective we will supply return shipping label. Item must be returned in original packaging with all accessories included. We also charge a 15% restocking fee for cancelled transactions that are not shipped#comma# or we let it go to eBay as an unpaid bidder case.  Do Not Bid If You Do Not Intend To Follow Through!,,,,US,0,0,0,0,0,1,100,5,2,Days_30,4,1,-1,1,,,,,
33,VerifyAdd,Failure,21916519,#quote#Error - Listing is missing required item specific(s): #quote##quote#Brand#comma# Size Type#comma# Bottoms Size (Women's)#comma# Style#quote##quote#. Please provide the required item specifics.|Brand#comma# Size Type#comma# Bottoms Size (Women's)#comma# Style|11554|#quote#,,,,,,,,,,,,,,,,,,,,,,,,,,,,,,4NY697BLUW018,,,,,,,,,,,,VerifyAdd,11554,AppleBottoms WM 5PcktBltdCapri Blue 18W            ,,<html><body>empty</body></html>,1000,,http://images.nationalgeographic.com/wpf/media-live/photos/000/687/cache/bonobo-congo-ziegler_68751_990x742.jpg,1,Auction,0.01,,3,0,55406,Gallery,1,sales@skygroupcloseouts.com,If you need a revised invoice for combined shipping#comma# please contact us before paying so we can adjust the shipping costs.,,,,Flat,6.875,MN,1,0,55406,FedExHomeDelivery,12,1,10,1,4NY697BLUW018,ReturnsAccepted,MoneyBackOrExchange,Days_14,Buyer,Please contact us before returning any item. Items listed AS-IS or For Parts/Repair are not covered by our return policy.  We offer 14 days to return item after receiving it. If item is defective we will supply return shipping label. Item must be returned in original packaging with all accessories included. We also charge a 15% restocking fee for cancelled transactions that are not shipped#comma# or we let it go to eBay as an unpaid bidder case.  Do Not Bid If You Do Not Intend To Follow Through!,,,,US,0,0,0,0,0,1,100,5,2,Days_30,4,1,-1,1,,,,,
34,VerifyAdd,Failure,21916519,#quote#Error - Listing is missing required item specific(s): #quote##quote#Brand#comma# Size Type#comma# Bottoms Size (Women's)#comma# Style#quote##quote#. Please provide the required item specifics.|Brand#comma# Size Type#comma# Bottoms Size (Women's)#comma# Style|11554|#quote#,,,,,,,,,,,,,,,,,,,,,,,,,,,,,,4PH724GOL0010,,,,,,,,,,,,VerifyAdd,11554,2 pc Terry Bath Sheet Set Olive                    ,,<html><body>empty</body></html>,1000,,http://images.nationalgeographic.com/wpf/media-live/photos/000/687/cache/bonobo-congo-ziegler_68751_990x742.jpg,1,Auction,0.01,,3,0,55406,Gallery,1,sales@skygroupcloseouts.com,If you need a revised invoice for combined shipping#comma# please contact us before paying so we can adjust the shipping costs.,,,,Flat,6.875,MN,1,0,55406,FedExHomeDelivery,12,1,10,1,4PH724GOL0010,ReturnsAccepted,MoneyBackOrExchange,Days_14,Buyer,Please contact us before returning any item. Items listed AS-IS or For Parts/Repair are not covered by our return policy.  We offer 14 days to return item after receiving it. If item is defective we will supply return shipping label. Item must be returned in original packaging with all accessories included. We also charge a 15% restocking fee for cancelled transactions that are not shipped#comma# or we let it go to eBay as an unpaid bidder case.  Do Not Bid If You Do Not Intend To Follow Through!,,,,US,0,0,0,0,0,1,100,5,2,Days_30,4,1,-1,1,,,,,
35,VerifyAdd,Failure,21916519,#quote#Error - Listing is missing required item specific(s): #quote##quote#Brand#comma# Size Type#comma# Bottoms Size (Women's)#comma# Style#quote##quote#. Please provide the required item specifics.|Brand#comma# Size Type#comma# Bottoms Size (Women's)#comma# Style|11554|#quote#,,,,,,,,,,,,,,,,,,,,,,,,,,,,,,4P9350NBRTXLG,,,,,,,,,,,,VerifyAdd,11554,Carhartt Duck Act Jac/Therm B/T Brown Tall XLG     ,,<html><body>empty</body></html>,1000,,http://images.nationalgeographic.com/wpf/media-live/photos/000/687/cache/bonobo-congo-ziegler_68751_990x742.jpg,1,Auction,0.01,,3,0,55406,Gallery,1,sales@skygroupcloseouts.com,If you need a revised invoice for combined shipping#comma# please contact us before paying so we can adjust the shipping costs.,,,,Flat,6.875,MN,1,0,55406,FedExHomeDelivery,12,1,10,1,4P9350NBRTXLG,ReturnsAccepted,MoneyBackOrExchange,Days_14,Buyer,Please contact us before returning any item. Items listed AS-IS or For Parts/Repair are not covered by our return policy.  We offer 14 days to return item after receiving it. If item is defective we will supply return shipping label. Item must be returned in original packaging with all accessories included. We also charge a 15% restocking fee for cancelled transactions that are not shipped#comma# or we let it go to eBay as an unpaid bidder case.  Do Not Bid If You Do Not Intend To Follow Through!,,,,US,0,0,0,0,0,1,100,5,2,Days_30,4,1,-1,1,,,,,
36,VerifyAdd,Failure,21916519,#quote#Error - Listing is missing required item specific(s): #quote##quote#Brand#comma# Size Type#comma# Bottoms Size (Women's)#comma# Style#quote##quote#. Please provide the required item specifics.|Brand#comma# Size Type#comma# Bottoms Size (Women's)#comma# Style|11554|#quote#,,,,,,,,,,,,,,,,,,,,,,,,,,,,,,4QC662NCABUXL,,,,,,,,,,,,VerifyAdd,11554,SteveMaddenMissHigh-Low HemJkt Camel XL            ,,<html><body>empty</body></html>,1000,,http://images.nationalgeographic.com/wpf/media-live/photos/000/687/cache/bonobo-congo-ziegler_68751_990x742.jpg,1,Auction,0.01,,3,0,55406,Gallery,1,sales@skygroupcloseouts.com,If you need a revised invoice for combined shipping#comma# please contact us before paying so we can adjust the shipping costs.,,,,Flat,6.875,MN,1,0,55406,FedExHomeDelivery,12,1,10,1,4QC662NCABUXL,ReturnsAccepted,MoneyBackOrExchange,Days_14,Buyer,Please contact us before returning any item. Items listed AS-IS or For Parts/Repair are not covered by our return policy.  We offer 14 days to return item after receiving it. If item is defective we will supply return shipping label. Item must be returned in original packaging with all accessories included. We also charge a 15% restocking fee for cancelled transactions that are not shipped#comma# or we let it go to eBay as an unpaid bidder case.  Do Not Bid If You Do Not Intend To Follow Through!,,,,US,0,0,0,0,0,1,100,5,2,Days_30,4,1,-1,1,,,,,
37,VerifyAdd,Failure,21916519,#quote#Error - Listing is missing required item specific(s): #quote##quote#Brand#comma# Size Type#comma# Bottoms Size (Women's)#comma# Style#quote##quote#. Please provide the required item specifics.|Brand#comma# Size Type#comma# Bottoms Size (Women's)#comma# Style|11554|#quote#,,,,,,,,,,,,,,,,,,,,,,,,,,,,,,4PR860BDNW018,,,,,,,,,,,,VerifyAdd,11554,Lee Wm MarilynBeltCuffed Capri Denim 18W           ,,<html><body>empty</body></html>,1000,,http://images.nationalgeographic.com/wpf/media-live/photos/000/687/cache/bonobo-congo-ziegler_68751_990x742.jpg,1,Auction,0.01,,3,0,55406,Gallery,1,sales@skygroupcloseouts.com,If you need a revised invoice for combined shipping#comma# please contact us before paying so we can adjust the shipping costs.,,,,Flat,6.875,MN,1,0,55406,FedExHomeDelivery,12,1,10,1,4PR860BDNW018,ReturnsAccepted,MoneyBackOrExchange,Days_14,Buyer,Please contact us before returning any item. Items listed AS-IS or For Parts/Repair are not covered by our return policy.  We offer 14 days to return item after receiving it. If item is defective we will supply return shipping label. Item must be returned in original packaging with all accessories included. We also charge a 15% restocking fee for cancelled transactions that are not shipped#comma# or we let it go to eBay as an unpaid bidder case.  Do Not Bid If You Do Not Intend To Follow Through!,,,,US,0,0,0,0,0,1,100,5,2,Days_30,4,1,-1,1,,,,,
38,VerifyAdd,Failure,21916519,#quote#Error - Listing is missing required item specific(s): #quote##quote#Brand#comma# Size Type#comma# Bottoms Size (Women's)#comma# Style#quote##quote#. Please provide the required item specifics.|Brand#comma# Size Type#comma# Bottoms Size (Women's)#comma# Style|11554|#quote#,,,,,,,,,,,,,,,,,,,,,,,,,,,,,,4NY697ORGW018,,,,,,,,,,,,VerifyAdd,11554,AppleBottoms WM 5PcktBltdCapri Orange 18W          ,,<html><body>empty</body></html>,1000,,http://images.nationalgeographic.com/wpf/media-live/photos/000/687/cache/bonobo-congo-ziegler_68751_990x742.jpg,1,Auction,0.01,,3,0,55406,Gallery,1,sales@skygroupcloseouts.com,If you need a revised invoice for combined shipping#comma# please contact us before paying so we can adjust the shipping costs.,,,,Flat,6.875,MN,1,0,55406,FedExHomeDelivery,12,1,10,1,4NY697ORGW018,ReturnsAccepted,MoneyBackOrExchange,Days_14,Buyer,Please contact us before returning any item. Items listed AS-IS or For Parts/Repair are not covered by our return policy.  We offer 14 days to return item after receiving it. If item is defective we will supply return shipping label. Item must be returned in original packaging with all accessories included. We also charge a 15% restocking fee for cancelled transactions that are not shipped#comma# or we let it go to eBay as an unpaid bidder case.  Do Not Bid If You Do Not Intend To Follow Through!,,,,US,0,0,0,0,0,1,100,5,2,Days_30,4,1,-1,1,,,,,
39,VerifyAdd,Failure,21916519,#quote#Error - Listing is missing required item specific(s): #quote##quote#Brand#comma# Size Type#comma# Bottoms Size (Women's)#comma# Style#quote##quote#. Please provide the required item specifics.|Brand#comma# Size Type#comma# Bottoms Size (Women's)#comma# Style|11554|#quote#,,,,,,,,,,,,,,,,,,,,,,,,,,,,,,4NY697BDNW018,,,,,,,,,,,,VerifyAdd,11554,AppleBottoms WM 5PcktBltdCapri Denim 18W           ,,<html><body>empty</body></html>,1000,,http://images.nationalgeographic.com/wpf/media-live/photos/000/687/cache/bonobo-congo-ziegler_68751_990x742.jpg,1,Auction,0.01,,3,0,55406,Gallery,1,sales@skygroupcloseouts.com,If you need a revised invoice for combined shipping#comma# please contact us before paying so we can adjust the shipping costs.,,,,Flat,6.875,MN,1,0,55406,FedExHomeDelivery,12,1,10,1,4NY697BDNW018,ReturnsAccepted,MoneyBackOrExchange,Days_14,Buyer,Please contact us before returning any item. Items listed AS-IS or For Parts/Repair are not covered by our return policy.  We offer 14 days to return item after receiving it. If item is defective we will supply return shipping label. Item must be returned in original packaging with all accessories included. We also charge a 15% restocking fee for cancelled transactions that are not shipped#comma# or we let it go to eBay as an unpaid bidder case.  Do Not Bid If You Do Not Intend To Follow Through!,,,,US,0,0,0,0,0,1,100,5,2,Days_30,4,1,-1,1,,,,,
40,VerifyAdd,Failure,21916519,#quote#Error - Listing is missing required item specific(s): #quote##quote#Brand#comma# Size Type#comma# Bottoms Size (Women's)#comma# Style#quote##quote#. Please provide the required item specifics.|Brand#comma# Size Type#comma# Bottoms Size (Women's)#comma# Style|11554|#quote#,,,,,,,,,,,,,,,,,,,,,,,,,,,,,,4N9046NTNP342,,,,,,,,,,,,VerifyAdd,11554,Carhartt Canvas Work Dungaree Tan 34W 32L          ,,<html><body>empty</body></html>,1000,,http://images.nationalgeographic.com/wpf/media-live/photos/000/687/cache/bonobo-congo-ziegler_68751_990x742.jpg,1,Auction,0.01,,3,0,55406,Gallery,1,sales@skygroupcloseouts.com,If you need a revised invoice for combined shipping#comma# please contact us before paying so we can adjust the shipping costs.,,,,Flat,6.875,MN,1,0,55406,FedExHomeDelivery,12,1,10,1,4N9046NTNP342,ReturnsAccepted,MoneyBackOrExchange,Days_14,Buyer,Please contact us before returning any item. Items listed AS-IS or For Parts/Repair are not covered by our return policy.  We offer 14 days to return item after receiving it. If item is defective we will supply return shipping label. Item must be returned in original packaging with all accessories included. We also charge a 15% restocking fee for cancelled transactions that are not shipped#comma# or we let it go to eBay as an unpaid bidder case.  Do Not Bid If You Do Not Intend To Follow Through!,,,,US,0,0,0,0,0,1,100,5,2,Days_30,4,1,-1,1,,,,,
41,VerifyAdd,Failure,21916519,#quote#Error - Listing is missing required item specific(s): #quote##quote#Brand#comma# Size Type#comma# Bottoms Size (Women's)#comma# Style#quote##quote#. Please provide the required item specifics.|Brand#comma# Size Type#comma# Bottoms Size (Women's)#comma# Style|11554|#quote#,,,,,,,,,,,,,,,,,,,,,,,,,,,,,,4PF226NAF0010,,,,,,,,,,,,VerifyAdd,11554,EclipseTavrnBOTherm Valance-Cafe                   ,,<html><body>empty</body></html>,1000,,http://images.nationalgeographic.com/wpf/media-live/photos/000/687/cache/bonobo-congo-ziegler_68751_990x742.jpg,1,Auction,0.01,,3,0,55406,Gallery,1,sales@skygroupcloseouts.com,If you need a revised invoice for combined shipping#comma# please contact us before paying so we can adjust the shipping costs.,,,,Flat,6.875,MN,1,0,55406,FedExHomeDelivery,12,1,10,1,4PF226NAF0010,ReturnsAccepted,MoneyBackOrExchange,Days_14,Buyer,Please contact us before returning any item. Items listed AS-IS or For Parts/Repair are not covered by our return policy.  We offer 14 days to return item after receiving it. If item is defective we will supply return shipping label. Item must be returned in original packaging with all accessories included. We also charge a 15% restocking fee for cancelled transactions that are not shipped#comma# or we let it go to eBay as an unpaid bidder case.  Do Not Bid If You Do Not Intend To Follow Through!,,,,US,0,0,0,0,0,1,100,5,2,Days_30,4,1,-1,1,,,,,
42,VerifyAdd,Failure,21916519,#quote#Error - Listing is missing required item specific(s): #quote##quote#Brand#comma# Size Type#comma# Bottoms Size (Women's)#comma# Style#quote##quote#. Please provide the required item specifics.|Brand#comma# Size Type#comma# Bottoms Size (Women's)#comma# Style|11554|#quote#,,,,,,,,,,,,,,,,,,,,,,,,,,,,,,4PY792NBH0010,,,,,,,,,,,,VerifyAdd,11554,Relic Norwood Bucket Black/White                   ,,<html><body>empty</body></html>,1000,,http://images.nationalgeographic.com/wpf/media-live/photos/000/687/cache/bonobo-congo-ziegler_68751_990x742.jpg,1,Auction,0.01,,3,0,55406,Gallery,1,sales@skygroupcloseouts.com,If you need a revised invoice for combined shipping#comma# please contact us before paying so we can adjust the shipping costs.,,,,Flat,6.875,MN,1,0,55406,FedExHomeDelivery,12,1,10,1,4PY792NBH0010,ReturnsAccepted,MoneyBackOrExchange,Days_14,Buyer,Please contact us before returning any item. Items listed AS-IS or For Parts/Repair are not covered by our return policy.  We offer 14 days to return item after receiving it. If item is defective we will supply return shipping label. Item must be returned in original packaging with all accessories included. We also charge a 15% restocking fee for cancelled transactions that are not shipped#comma# or we let it go to eBay as an unpaid bidder case.  Do Not Bid If You Do Not Intend To Follow Through!,,,,US,0,0,0,0,0,1,100,5,2,Days_30,4,1,-1,1,,,,,
43,VerifyAdd,Failure,21916519,#quote#Error - Listing is missing required item specific(s): #quote##quote#Brand#comma# Size Type#comma# Bottoms Size (Women's)#comma# Style#quote##quote#. Please provide the required item specifics.|Brand#comma# Size Type#comma# Bottoms Size (Women's)#comma# Style|11554|#quote#,,,,,,,,,,,,,,,,,,,,,,,,,,,,,,4PW748000ALRG,,,,,,,,,,,,VerifyAdd,11554,Apple Bottoms Ms Logo Tee  Large                   ,,<html><body>empty</body></html>,1000,,http://images.nationalgeographic.com/wpf/media-live/photos/000/687/cache/bonobo-congo-ziegler_68751_990x742.jpg,1,Auction,0.01,,3,0,55406,Gallery,1,sales@skygroupcloseouts.com,If you need a revised invoice for combined shipping#comma# please contact us before paying so we can adjust the shipping costs.,,,,Flat,6.875,MN,1,0,55406,FedExHomeDelivery,12,1,10,1,4PW748000ALRG,ReturnsAccepted,MoneyBackOrExchange,Days_14,Buyer,Please contact us before returning any item. Items listed AS-IS or For Parts/Repair are not covered by our return policy.  We offer 14 days to return item after receiving it. If item is defective we will supply return shipping label. Item must be returned in original packaging with all accessories included. We also charge a 15% restocking fee for cancelled transactions that are not shipped#comma# or we let it go to eBay as an unpaid bidder case.  Do Not Bid If You Do Not Intend To Follow Through!,,,,US,0,0,0,0,0,1,100,5,2,Days_30,4,1,-1,1,,,,,
44,VerifyAdd,Failure,21916519,#quote#Error - Listing is missing required item specific(s): #quote##quote#Brand#comma# Size Type#comma# Bottoms Size (Women's)#comma# Style#quote##quote#. Please provide the required item specifics.|Brand#comma# Size Type#comma# Bottoms Size (Women's)#comma# Style|11554|#quote#,,,,,,,,,,,,,,,,,,,,,,,,,,,,,,4P9348NBRMNM0,,,,,,,,,,,,VerifyAdd,11554,Carhartt Duck Active Jac/Thermal Brown M38-40      ,,<html><body>empty</body></html>,1000,,http://images.nationalgeographic.com/wpf/media-live/photos/000/687/cache/bonobo-congo-ziegler_68751_990x742.jpg,1,Auction,0.01,,3,0,55406,Gallery,1,sales@skygroupcloseouts.com,If you need a revised invoice for combined shipping#comma# please contact us before paying so we can adjust the shipping costs.,,,,Flat,6.875,MN,1,0,55406,FedExHomeDelivery,12,1,10,1,4P9348NBRMNM0,ReturnsAccepted,MoneyBackOrExchange,Days_14,Buyer,Please contact us before returning any item. Items listed AS-IS or For Parts/Repair are not covered by our return policy.  We offer 14 days to return item after receiving it. If item is defective we will supply return shipping label. Item must be returned in original packaging with all accessories included. We also charge a 15% restocking fee for cancelled transactions that are not shipped#comma# or we let it go to eBay as an unpaid bidder case.  Do Not Bid If You Do Not Intend To Follow Through!,,,,US,0,0,0,0,0,1,100,5,2,Days_30,4,1,-1,1,,,,,
45,VerifyAdd,Failure,21916519,#quote#Error - Listing is missing required item specific(s): #quote##quote#Brand#comma# Size Type#comma# Bottoms Size (Women's)#comma# Style#quote##quote#. Please provide the required item specifics.|Brand#comma# Size Type#comma# Bottoms Size (Women's)#comma# Style|11554|#quote#,,,,,,,,,,,,,,,,,,,,,,,,,,,,,,4PR859NWHM014,,,,,,,,,,,,VerifyAdd,11554,Lee Ms MarilynBeltCuffed Capri White 14            ,,<html><body>empty</body></html>,1000,,http://images.nationalgeographic.com/wpf/media-live/photos/000/687/cache/bonobo-congo-ziegler_68751_990x742.jpg,1,Auction,0.01,,3,0,55406,Gallery,1,sales@skygroupcloseouts.com,If you need a revised invoice for combined shipping#comma# please contact us before paying so we can adjust the shipping costs.,,,,Flat,6.875,MN,1,0,55406,FedExHomeDelivery,12,1,10,1,4PR859NWHM014,ReturnsAccepted,MoneyBackOrExchange,Days_14,Buyer,Please contact us before returning any item. Items listed AS-IS or For Parts/Repair are not covered by our return policy.  We offer 14 days to return item after receiving it. If item is defective we will supply return shipping label. Item must be returned in original packaging with all accessories included. We also charge a 15% restocking fee for cancelled transactions that are not shipped#comma# or we let it go to eBay as an unpaid bidder case.  Do Not Bid If You Do Not Intend To Follow Through!,,,,US,0,0,0,0,0,1,100,5,2,Days_30,4,1,-1,1,,,,,
46,VerifyAdd,Failure,21916519,#quote#Error - Listing is missing required item specific(s): #quote##quote#Brand#comma# Size Type#comma# Bottoms Size (Women's)#comma# Style#quote##quote#. Please provide the required item specifics.|Brand#comma# Size Type#comma# Bottoms Size (Women's)#comma# Style|11554|#quote#,,,,,,,,,,,,,,,,,,,,,,,,,,,,,,4PR859NWHM012,,,,,,,,,,,,VerifyAdd,11554,Lee Ms MarilynBeltCuffed Capri White 12            ,,<html><body>empty</body></html>,1000,,http://images.nationalgeographic.com/wpf/media-live/photos/000/687/cache/bonobo-congo-ziegler_68751_990x742.jpg,1,Auction,0.01,,3,0,55406,Gallery,1,sales@skygroupcloseouts.com,If you need a revised invoice for combined shipping#comma# please contact us before paying so we can adjust the shipping costs.,,,,Flat,6.875,MN,1,0,55406,FedExHomeDelivery,12,1,10,1,4PR859NWHM012,ReturnsAccepted,MoneyBackOrExchange,Days_14,Buyer,Please contact us before returning any item. Items listed AS-IS or For Parts/Repair are not covered by our return policy.  We offer 14 days to return item after receiving it. If item is defective we will supply return shipping label. Item must be returned in original packaging with all accessories included. We also charge a 15% restocking fee for cancelled transactions that are not shipped#comma# or we let it go to eBay as an unpaid bidder case.  Do Not Bid If You Do Not Intend To Follow Through!,,,,US,0,0,0,0,0,1,100,5,2,Days_30,4,1,-1,1,,,,,
47,VerifyAdd,Failure,21916519,#quote#Error - Listing is missing required item specific(s): #quote##quote#Brand#comma# Size Type#comma# Bottoms Size (Women's)#comma# Style#quote##quote#. Please provide the required item specifics.|Brand#comma# Size Type#comma# Bottoms Size (Women's)#comma# Style|11554|#quote#,,,,,,,,,,,,,,,,,,,,,,,,,,,,,,4NY697BLUW016,,,,,,,,,,,,VerifyAdd,11554,AppleBottoms WM 5PcktBltdCapri Blue 16W            ,,<html><body>empty</body></html>,1000,,http://images.nationalgeographic.com/wpf/media-live/photos/000/687/cache/bonobo-congo-ziegler_68751_990x742.jpg,1,Auction,0.01,,3,0,55406,Gallery,1,sales@skygroupcloseouts.com,If you need a revised invoice for combined shipping#comma# please contact us before paying so we can adjust the shipping costs.,,,,Flat,6.875,MN,1,0,55406,FedExHomeDelivery,12,1,10,1,4NY697BLUW016,ReturnsAccepted,MoneyBackOrExchange,Days_14,Buyer,Please contact us before returning any item. Items listed AS-IS or For Parts/Repair are not covered by our return policy.  We offer 14 days to return item after receiving it. If item is defective we will supply return shipping label. Item must be returned in original packaging with all accessories included. We also charge a 15% restocking fee for cancelled transactions that are not shipped#comma# or we let it go to eBay as an unpaid bidder case.  Do Not Bid If You Do Not Intend To Follow Through!,,,,US,0,0,0,0,0,1,100,5,2,Days_30,4,1,-1,1,,,,,
48,VerifyAdd,Failure,21916519,#quote#Error - Listing is missing required item specific(s): #quote##quote#Brand#comma# Size Type#comma# Bottoms Size (Women's)#comma# Style#quote##quote#. Please provide the required item specifics.|Brand#comma# Size Type#comma# Bottoms Size (Women's)#comma# Style|11554|#quote#,,,,,,,,,,,,,,,,,,,,,,,,,,,,,,4PX458CHIM012,,,,,,,,,,,,VerifyAdd,11554,Lee Misses Wilson RollUp Capri Chai 12             ,,<html><body>empty</body></html>,1000,,http://images.nationalgeographic.com/wpf/media-live/photos/000/687/cache/bonobo-congo-ziegler_68751_990x742.jpg,1,Auction,0.01,,3,0,55406,Gallery,1,sales@skygroupcloseouts.com,If you need a revised invoice for combined shipping#comma# please contact us before paying so we can adjust the shipping costs.,,,,Flat,6.875,MN,1,0,55406,FedExHomeDelivery,12,1,10,1,4PX458CHIM012,ReturnsAccepted,MoneyBackOrExchange,Days_14,Buyer,Please contact us before returning any item. Items listed AS-IS or For Parts/Repair are not covered by our return policy.  We offer 14 days to return item after receiving it. If item is defective we will supply return shipping label. Item must be returned in original packaging with all accessories included. We also charge a 15% restocking fee for cancelled transactions that are not shipped#comma# or we let it go to eBay as an unpaid bidder case.  Do Not Bid If You Do Not Intend To Follow Through!,,,,US,0,0,0,0,0,1,100,5,2,Days_30,4,1,-1,1,,,,,
49,VerifyAdd,Failure,21916519,#quote#Error - Listing is missing required item specific(s): #quote##quote#Brand#comma# Size Type#comma# Bottoms Size (Women's)#comma# Style#quote##quote#. Please provide the required item specifics.|Brand#comma# Size Type#comma# Bottoms Size (Women's)#comma# Style|11554|#quote#,,,,,,,,,,,,,,,,,,,,,,,,,,,,,,4NY697BDNW016,,,,,,,,,,,,VerifyAdd,11554,AppleBottoms WM 5PcktBltdCapri Denim 16W           ,,<html><body>empty</body></html>,1000,,http://images.nationalgeographic.com/wpf/media-live/photos/000/687/cache/bonobo-congo-ziegler_68751_990x742.jpg,1,Auction,0.01,,3,0,55406,Gallery,1,sales@skygroupcloseouts.com,If you need a revised invoice for combined shipping#comma# please contact us before paying so we can adjust the shipping costs.,,,,Flat,6.875,MN,1,0,55406,FedExHomeDelivery,12,1,10,1,4NY697BDNW016,ReturnsAccepted,MoneyBackOrExchange,Days_14,Buyer,Please contact us before returning any item. Items listed AS-IS or For Parts/Repair are not covered by our return policy.  We offer 14 days to return item after receiving it. If item is defective we will supply return shipping label. Item must be returned in original packaging with all accessories included. We also charge a 15% restocking fee for cancelled transactions that are not shipped#comma# or we let it go to eBay as an unpaid bidder case.  Do Not Bid If You Do Not Intend To Follow Through!,,,,US,0,0,0,0,0,1,100,5,2,Days_30,4,1,-1,1,,,,,
50,VerifyAdd,Failure,21916519,#quote#Error - Listing is missing required item specific(s): #quote##quote#Brand#comma# Size Type#comma# Bottoms Size (Women's)#comma# Style#quote##quote#. Please provide the required item specifics.|Brand#comma# Size Type#comma# Bottoms Size (Women's)#comma# Style|11554|#quote#,,,,,,,,,,,,,,,,,,,,,,,,,,,,,,4NY697BDNW020,,,,,,,,,,,,VerifyAdd,11554,AppleBottoms WM 5PcktBltdCapri Denim 20W           ,,<html><body>empty</body></html>,1000,,http://images.nationalgeographic.com/wpf/media-live/photos/000/687/cache/bonobo-congo-ziegler_68751_990x742.jpg,1,Auction,0.01,,3,0,55406,Gallery,1,sales@skygroupcloseouts.com,If you need a revised invoice for combined shipping#comma# please contact us before paying so we can adjust the shipping costs.,,,,Flat,6.875,MN,1,0,55406,FedExHomeDelivery,12,1,10,1,4NY697BDNW020,ReturnsAccepted,MoneyBackOrExchange,Days_14,Buyer,Please contact us before returning any item. Items listed AS-IS or For Parts/Repair are not covered by our return policy.  We offer 14 days to return item after receiving it. If item is defective we will supply return shipping label. Item must be returned in original packaging with all accessories included. We also charge a 15% restocking fee for cancelled transactions that are not shipped#comma# or we let it go to eBay as an unpaid bidder case.  Do Not Bid If You Do Not Intend To Follow Through!,,,,US,0,0,0,0,0,1,100,5,2,Days_30,4,1,-1,1,,,,,
51,VerifyAdd,Failure,21916519,#quote#Error - Listing is missing required item specific(s): #quote##quote#Brand#comma# Size Type#comma# Bottoms Size (Women's)#comma# Style#quote##quote#. Please provide the required item specifics.|Brand#comma# Size Type#comma# Bottoms Size (Women's)#comma# Style|11554|#quote#,,,,,,,,,,,,,,,,,,,,,,,,,,,,,,4PS677000M010,,,,,,,,,,,,VerifyAdd,11554,RonniNicole Coral PaisleyDress 10                  ,,<html><body>empty</body></html>,1000,,http://images.nationalgeographic.com/wpf/media-live/photos/000/687/cache/bonobo-congo-ziegler_68751_990x742.jpg,1,Auction,0.01,,3,0,55406,Gallery,1,sales@skygroupcloseouts.com,If you need a revised invoice for combined shipping#comma# please contact us before paying so we can adjust the shipping costs.,,,,Flat,6.875,MN,1,0,55406,FedExHomeDelivery,12,1,10,1,4PS677000M010,ReturnsAccepted,MoneyBackOrExchange,Days_14,Buyer,Please contact us before returning any item. Items listed AS-IS or For Parts/Repair are not covered by our return policy.  We offer 14 days to return item after receiving it. If item is defective we will supply return shipping label. Item must be returned in original packaging with all accessories included. We also charge a 15% restocking fee for cancelled transactions that are not shipped#comma# or we let it go to eBay as an unpaid bidder case.  Do Not Bid If You Do Not Intend To Follow Through!,,,,US,0,0,0,0,0,1,100,5,2,Days_30,4,1,-1,1,,,,,
52,VerifyAdd,Failure,21916519,#quote#Error - Listing is missing required item specific(s): #quote##quote#Brand#comma# Size Type#comma# Bottoms Size (Women's)#comma# Style#quote##quote#. Please provide the required item specifics.|Brand#comma# Size Type#comma# Bottoms Size (Women's)#comma# Style|11554|#quote#,,,,,,,,,,,,,,,,,,,,,,,,,,,,,,4NY697BDNW014,,,,,,,,,,,,VerifyAdd,11554,AppleBottoms WM 5PcktBltdCapri Denim 14W           ,,<html><body>empty</body></html>,1000,,http://images.nationalgeographic.com/wpf/media-live/photos/000/687/cache/bonobo-congo-ziegler_68751_990x742.jpg,1,Auction,0.01,,3,0,55406,Gallery,1,sales@skygroupcloseouts.com,If you need a revised invoice for combined shipping#comma# please contact us before paying so we can adjust the shipping costs.,,,,Flat,6.875,MN,1,0,55406,FedExHomeDelivery,12,1,10,1,4NY697BDNW014,ReturnsAccepted,MoneyBackOrExchange,Days_14,Buyer,Please contact us before returning any item. Items listed AS-IS or For Parts/Repair are not covered by our return policy.  We offer 14 days to return item after receiving it. If item is defective we will supply return shipping label. Item must be returned in original packaging with all accessories included. We also charge a 15% restocking fee for cancelled transactions that are not shipped#comma# or we let it go to eBay as an unpaid bidder case.  Do Not Bid If You Do Not Intend To Follow Through!,,,,US,0,0,0,0,0,1,100,5,2,Days_30,4,1,-1,1,,,,,
53,VerifyAdd,Failure,21916519,#quote#Error - Listing is missing required item specific(s): #quote##quote#Brand#comma# Size Type#comma# Bottoms Size (Women's)#comma# Style#quote##quote#. Please provide the required item specifics.|Brand#comma# Size Type#comma# Bottoms Size (Women's)#comma# Style|11554|#quote#,,,,,,,,,,,,,,,,,,,,,,,,,,,,,,4NY696ORGQJXS,,,,,,,,,,,,VerifyAdd,11554,AppleBottoms MS 5PcktBltdCapri Orange 3/4          ,,<html><body>empty</body></html>,1000,,http://images.nationalgeographic.com/wpf/media-live/photos/000/687/cache/bonobo-congo-ziegler_68751_990x742.jpg,1,Auction,0.01,,3,0,55406,Gallery,1,sales@skygroupcloseouts.com,If you need a revised invoice for combined shipping#comma# please contact us before paying so we can adjust the shipping costs.,,,,Flat,6.875,MN,1,0,55406,FedExHomeDelivery,12,1,10,1,4NY696ORGQJXS,ReturnsAccepted,MoneyBackOrExchange,Days_14,Buyer,Please contact us before returning any item. Items listed AS-IS or For Parts/Repair are not covered by our return policy.  We offer 14 days to return item after receiving it. If item is defective we will supply return shipping label. Item must be returned in original packaging with all accessories included. We also charge a 15% restocking fee for cancelled transactions that are not shipped#comma# or we let it go to eBay as an unpaid bidder case.  Do Not Bid If You Do Not Intend To Follow Through!,,,,US,0,0,0,0,0,1,100,5,2,Days_30,4,1,-1,1,,,,,
54,VerifyAdd,Failure,21916519,#quote#Error - Listing is missing required item specific(s): #quote##quote#Brand#comma# Size Type#comma# Bottoms Size (Women's)#comma# Style#quote##quote#. Please provide the required item specifics.|Brand#comma# Size Type#comma# Bottoms Size (Women's)#comma# Style|11554|#quote#,,,,,,,,,,,,,,,,,,,,,,,,,,,,,,4NT496NRK0010,,,,,,,,,,,,VerifyAdd,11554,AltDownKG Micro Comfortr-Bark                      ,,<html><body>empty</body></html>,1000,,http://images.nationalgeographic.com/wpf/media-live/photos/000/687/cache/bonobo-congo-ziegler_68751_990x742.jpg,1,Auction,0.01,,3,0,55406,Gallery,1,sales@skygroupcloseouts.com,If you need a revised invoice for combined shipping#comma# please contact us before paying so we can adjust the shipping costs.,,,,Flat,6.875,MN,1,0,55406,FedExHomeDelivery,12,1,10,1,4NT496NRK0010,ReturnsAccepted,MoneyBackOrExchange,Days_14,Buyer,Please contact us before returning any item. Items listed AS-IS or For Parts/Repair are not covered by our return policy.  We offer 14 days to return item after receiving it. If item is defective we will supply return shipping label. Item must be returned in original packaging with all accessories included. We also charge a 15% restocking fee for cancelled transactions that are not shipped#comma# or we let it go to eBay as an unpaid bidder case.  Do Not Bid If You Do Not Intend To Follow Through!,,,,US,0,0,0,0,0,1,100,5,2,Days_30,4,1,-1,1,,,,,
55,VerifyAdd,Failure,21916519,#quote#Error - Listing is missing required item specific(s): #quote##quote#Brand#comma# Size Type#comma# Bottoms Size (Women's)#comma# Style#quote##quote#. Please provide the required item specifics.|Brand#comma# Size Type#comma# Bottoms Size (Women's)#comma# Style|11554|#quote#,,,,,,,,,,,,,,,,,,,,,,,,,,,,,,4PH721GOLWJ26,,,,,,,,,,,,VerifyAdd,11554,JessSimpson Ms Kiss Me Jegging Olive 26            ,,<html><body>empty</body></html>,1000,,http://images.nationalgeographic.com/wpf/media-live/photos/000/687/cache/bonobo-congo-ziegler_68751_990x742.jpg,1,Auction,0.01,,3,0,55406,Gallery,1,sales@skygroupcloseouts.com,If you need a revised invoice for combined shipping#comma# please contact us before paying so we can adjust the shipping costs.,,,,Flat,6.875,MN,1,0,55406,FedExHomeDelivery,12,1,10,1,4PH721GOLWJ26,ReturnsAccepted,MoneyBackOrExchange,Days_14,Buyer,Please contact us before returning any item. Items listed AS-IS or For Parts/Repair are not covered by our return policy.  We offer 14 days to return item after receiving it. If item is defective we will supply return shipping label. Item must be returned in original packaging with all accessories included. We also charge a 15% restocking fee for cancelled transactions that are not shipped#comma# or we let it go to eBay as an unpaid bidder case.  Do Not Bid If You Do Not Intend To Follow Through!,,,,US,0,0,0,0,0,1,100,5,2,Days_30,4,1,-1,1,,,,,
56,VerifyAdd,Failure,21916519,#quote#Error - Listing is missing required item specific(s): #quote##quote#Brand#comma# Size Type#comma# Bottoms Size (Women's)#comma# Style#quote##quote#. Please provide the required item specifics.|Brand#comma# Size Type#comma# Bottoms Size (Women's)#comma# Style|11554|#quote#,,,,,,,,,,,,,,,,,,,,,,,,,,,,,,4NY696BDNQJ56,,,,,,,,,,,,VerifyAdd,11554,AppleBottoms MS 5PcktBltdCapri Denim 5/6           ,,<html><body>empty</body></html>,1000,,http://images.nationalgeographic.com/wpf/media-live/photos/000/687/cache/bonobo-congo-ziegler_68751_990x742.jpg,1,Auction,0.01,,3,0,55406,Gallery,1,sales@skygroupcloseouts.com,If you need a revised invoice for combined shipping#comma# please contact us before paying so we can adjust the shipping costs.,,,,Flat,6.875,MN,1,0,55406,FedExHomeDelivery,12,1,10,1,4NY696BDNQJ56,ReturnsAccepted,MoneyBackOrExchange,Days_14,Buyer,Please contact us before returning any item. Items listed AS-IS or For Parts/Repair are not covered by our return policy.  We offer 14 days to return item after receiving it. If item is defective we will supply return shipping label. Item must be returned in original packaging with all accessories included. We also charge a 15% restocking fee for cancelled transactions that are not shipped#comma# or we let it go to eBay as an unpaid bidder case.  Do Not Bid If You Do Not Intend To Follow Through!,,,,US,0,0,0,0,0,1,100,5,2,Days_30,4,1,-1,1,,,,,
57,VerifyAdd,Failure,21916519,#quote#Error - Listing is missing required item specific(s): #quote##quote#Brand#comma# Size Type#comma# Bottoms Size (Women's)#comma# Style#quote##quote#. Please provide the required item specifics.|Brand#comma# Size Type#comma# Bottoms Size (Women's)#comma# Style|11554|#quote#,,,,,,,,,,,,,,,,,,,,,,,,,,,,,,4NY696ORGQJ78,,,,,,,,,,,,VerifyAdd,11554,AppleBottoms MS 5PcktBltdCapri Orange 7/8          ,,<html><body>empty</body></html>,1000,,http://images.nationalgeographic.com/wpf/media-live/photos/000/687/cache/bonobo-congo-ziegler_68751_990x742.jpg,1,Auction,0.01,,3,0,55406,Gallery,1,sales@skygroupcloseouts.com,If you need a revised invoice for combined shipping#comma# please contact us before paying so we can adjust the shipping costs.,,,,Flat,6.875,MN,1,0,55406,FedExHomeDelivery,12,1,10,1,4NY696ORGQJ78,ReturnsAccepted,MoneyBackOrExchange,Days_14,Buyer,Please contact us before returning any item. Items listed AS-IS or For Parts/Repair are not covered by our return policy.  We offer 14 days to return item after receiving it. If item is defective we will supply return shipping label. Item must be returned in original packaging with all accessories included. We also charge a 15% restocking fee for cancelled transactions that are not shipped#comma# or we let it go to eBay as an unpaid bidder case.  Do Not Bid If You Do Not Intend To Follow Through!,,,,US,0,0,0,0,0,1,100,5,2,Days_30,4,1,-1,1,,,,,
58,VerifyAdd,Failure,21916519,#quote#Error - Listing is missing required item specific(s): #quote##quote#Brand#comma# Size Type#comma# Bottoms Size (Women's)#comma# Style#quote##quote#. Please provide the required item specifics.|Brand#comma# Size Type#comma# Bottoms Size (Women's)#comma# Style|11554|#quote#,,,,,,,,,,,,,,,,,,,,,,,,,,,,,,4NY696BDNQJ12,,,,,,,,,,,,VerifyAdd,11554,AppleBottoms MS 5PcktBltdCapri Denim 11/12         ,,<html><body>empty</body></html>,1000,,http://images.nationalgeographic.com/wpf/media-live/photos/000/687/cache/bonobo-congo-ziegler_68751_990x742.jpg,1,Auction,0.01,,3,0,55406,Gallery,1,sales@skygroupcloseouts.com,If you need a revised invoice for combined shipping#comma# please contact us before paying so we can adjust the shipping costs.,,,,Flat,6.875,MN,1,0,55406,FedExHomeDelivery,12,1,10,1,4NY696BDNQJ12,ReturnsAccepted,MoneyBackOrExchange,Days_14,Buyer,Please contact us before returning any item. Items listed AS-IS or For Parts/Repair are not covered by our return policy.  We offer 14 days to return item after receiving it. If item is defective we will supply return shipping label. Item must be returned in original packaging with all accessories included. We also charge a 15% restocking fee for cancelled transactions that are not shipped#comma# or we let it go to eBay as an unpaid bidder case.  Do Not Bid If You Do Not Intend To Follow Through!,,,,US,0,0,0,0,0,1,100,5,2,Days_30,4,1,-1,1,,,,,
59,VerifyAdd,Failure,21916519,#quote#Error - Listing is missing required item specific(s): #quote##quote#Brand#comma# Style#comma# Size Type#comma# Bottoms Size (Women's)#quote##quote#. Please provide the required item specifics.|Brand#comma# Style#comma# Size Type#comma# Bottoms Size (Women's)|11555|#quote#,,,,,,,,,,,,,,,,,,,,,,,,,,,,,,4QG698BDNW016,,,,,,,,,,,,VerifyAdd,11555,Coogi Wm Print Pocket Short Denim 16W              ,,<html><body>empty</body></html>,1000,,http://images.nationalgeographic.com/wpf/media-live/photos/000/687/cache/bonobo-congo-ziegler_68751_990x742.jpg,1,Auction,0.01,,3,0,55406,Gallery,1,sales@skygroupcloseouts.com,If you need a revised invoice for combined shipping#comma# please contact us before paying so we can adjust the shipping costs.,,,,Flat,6.875,MN,1,0,55406,FedExHomeDelivery,12,1,10,1,4QG698BDNW016,ReturnsAccepted,MoneyBackOrExchange,Days_14,Buyer,Please contact us before returning any item. Items listed AS-IS or For Parts/Repair are not covered by our return policy.  We offer 14 days to return item after receiving it. If item is defective we will supply return shipping label. Item must be returned in original packaging with all accessories included. We also charge a 15% restocking fee for cancelled transactions that are not shipped#comma# or we let it go to eBay as an unpaid bidder case.  Do Not Bid If You Do Not Intend To Follow Through!,,,,US,0,0,0,0,0,1,100,5,2,Days_30,4,1,-1,1,,,,,
60,VerifyAdd,Failure,21916519,#quote#Error - Listing is missing required item specific(s): #quote##quote#Brand#comma# Style#comma# Size Type#comma# Bottoms Size (Women's)#quote##quote#. Please provide the required item specifics.|Brand#comma# Style#comma# Size Type#comma# Bottoms Size (Women's)|11555|#quote#,,,,,,,,,,,,,,,,,,,,,,,,,,,,,,4PR867BDNM012,,,,,,,,,,,,VerifyAdd,11555,Lee Miss Cleo Bermuda Short Denim 12               ,,<html><body>empty</body></html>,1000,,http://images.nationalgeographic.com/wpf/media-live/photos/000/687/cache/bonobo-congo-ziegler_68751_990x742.jpg,1,Auction,0.01,,3,0,55406,Gallery,1,sales@skygroupcloseouts.com,If you need a revised invoice for combined shipping#comma# please contact us before paying so we can adjust the shipping costs.,,,,Flat,6.875,MN,1,0,55406,FedExHomeDelivery,12,1,10,1,4PR867BDNM012,ReturnsAccepted,MoneyBackOrExchange,Days_14,Buyer,Please contact us before returning any item. Items listed AS-IS or For Parts/Repair are not covered by our return policy.  We offer 14 days to return item after receiving it. If item is defective we will supply return shipping label. Item must be returned in original packaging with all accessories included. We also charge a 15% restocking fee for cancelled transactions that are not shipped#comma# or we let it go to eBay as an unpaid bidder case.  Do Not Bid If You Do Not Intend To Follow Through!,,,,US,0,0,0,0,0,1,100,5,2,Days_30,4,1,-1,1,,,,,
61,VerifyAdd,Failure,21916519,#quote#Error - Listing is missing required item specific(s): #quote##quote#Brand#comma# Style#comma# Size Type#comma# Bottoms Size (Women's)#quote##quote#. Please provide the required item specifics.|Brand#comma# Style#comma# Size Type#comma# Bottoms Size (Women's)|11555|#quote#,,,,,,,,,,,,,,,,,,,,,,,,,,,,,,4PR867BDNM016,,,,,,,,,,,,VerifyAdd,11555,Lee Miss Cleo Bermuda Short Denim 16               ,,<html><body>empty</body></html>,1000,,http://images.nationalgeographic.com/wpf/media-live/photos/000/687/cache/bonobo-congo-ziegler_68751_990x742.jpg,1,Auction,0.01,,3,0,55406,Gallery,1,sales@skygroupcloseouts.com,If you need a revised invoice for combined shipping#comma# please contact us before paying so we can adjust the shipping costs.,,,,Flat,6.875,MN,1,0,55406,FedExHomeDelivery,12,1,10,1,4PR867BDNM016,ReturnsAccepted,MoneyBackOrExchange,Days_14,Buyer,Please contact us before returning any item. Items listed AS-IS or For Parts/Repair are not covered by our return policy.  We offer 14 days to return item after receiving it. If item is defective we will supply return shipping label. Item must be returned in original packaging with all accessories included. We also charge a 15% restocking fee for cancelled transactions that are not shipped#comma# or we let it go to eBay as an unpaid bidder case.  Do Not Bid If You Do Not Intend To Follow Through!,,,,US,0,0,0,0,0,1,100,5,2,Days_30,4,1,-1,1,,,,,
62,VerifyAdd,Failure,21916519,#quote#Error - Listing is missing required item specific(s): #quote##quote#Brand#comma# Style#comma# Size Type#comma# Bottoms Size (Women's)#quote##quote#. Please provide the required item specifics.|Brand#comma# Style#comma# Size Type#comma# Bottoms Size (Women's)|11555|#quote#,,,,,,,,,,,,,,,,,,,,,,,,,,,,,,4PR867RCEM016,,,,,,,,,,,,VerifyAdd,11555,Lee Miss Cleo Bermuda Short Cherry 16              ,,<html><body>empty</body></html>,1000,,http://images.nationalgeographic.com/wpf/media-live/photos/000/687/cache/bonobo-congo-ziegler_68751_990x742.jpg,1,Auction,0.01,,3,0,55406,Gallery,1,sales@skygroupcloseouts.com,If you need a revised invoice for combined shipping#comma# please contact us before paying so we can adjust the shipping costs.,,,,Flat,6.875,MN,1,0,55406,FedExHomeDelivery,12,1,10,1,4PR867RCEM016,ReturnsAccepted,MoneyBackOrExchange,Days_14,Buyer,Please contact us before returning any item. Items listed AS-IS or For Parts/Repair are not covered by our return policy.  We offer 14 days to return item after receiving it. If item is defective we will supply return shipping label. Item must be returned in original packaging with all accessories included. We also charge a 15% restocking fee for cancelled transactions that are not shipped#comma# or we let it go to eBay as an unpaid bidder case.  Do Not Bid If You Do Not Intend To Follow Through!,,,,US,0,0,0,0,0,1,100,5,2,Days_30,4,1,-1,1,,,,,
63,VerifyAdd,Failure,21916519,#quote#Error - Listing is missing required item specific(s): #quote##quote#Brand#comma# Style#comma# Size Type#comma# Bottoms Size (Women's)#quote##quote#. Please provide the required item specifics.|Brand#comma# Style#comma# Size Type#comma# Bottoms Size (Women's)|11555|#quote#,,,,,,,,,,,,,,,,,,,,,,,,,,,,,,4PU108PLIMP50,,,,,,,,,,,,VerifyAdd,11555,Lee BT Cargo Shorts plaid 50                       ,,<html><body>empty</body></html>,1000,,http://images.nationalgeographic.com/wpf/media-live/photos/000/687/cache/bonobo-congo-ziegler_68751_990x742.jpg,1,Auction,0.01,,3,0,55406,Gallery,1,sales@skygroupcloseouts.com,If you need a revised invoice for combined shipping#comma# please contact us before paying so we can adjust the shipping costs.,,,,Flat,6.875,MN,1,0,55406,FedExHomeDelivery,12,1,10,1,4PU108PLIMP50,ReturnsAccepted,MoneyBackOrExchange,Days_14,Buyer,Please contact us before returning any item. Items listed AS-IS or For Parts/Repair are not covered by our return policy.  We offer 14 days to return item after receiving it. If item is defective we will supply return shipping label. Item must be returned in original packaging with all accessories included. We also charge a 15% restocking fee for cancelled transactions that are not shipped#comma# or we let it go to eBay as an unpaid bidder case.  Do Not Bid If You Do Not Intend To Follow Through!,,,,US,0,0,0,0,0,1,100,5,2,Days_30,4,1,-1,1,,,,,
64,VerifyAdd,Failure,21916519,#quote#Error - Listing is missing required item specific(s): #quote##quote#Brand#comma# Style#comma# Size Type#comma# Bottoms Size (Women's)#quote##quote#. Please provide the required item specifics.|Brand#comma# Style#comma# Size Type#comma# Bottoms Size (Women's)|11555|#quote#,,,,,,,,,,,,,,,,,,,,,,,,,,,,,,4PR867RCEM018,,,,,,,,,,,,VerifyAdd,11555,Lee Miss Cleo Bermuda Short Cherry 18              ,,<html><body>empty</body></html>,1000,,http://images.nationalgeographic.com/wpf/media-live/photos/000/687/cache/bonobo-congo-ziegler_68751_990x742.jpg,1,Auction,0.01,,3,0,55406,Gallery,1,sales@skygroupcloseouts.com,If you need a revised invoice for combined shipping#comma# please contact us before paying so we can adjust the shipping costs.,,,,Flat,6.875,MN,1,0,55406,FedExHomeDelivery,12,1,10,1,4PR867RCEM018,ReturnsAccepted,MoneyBackOrExchange,Days_14,Buyer,Please contact us before returning any item. Items listed AS-IS or For Parts/Repair are not covered by our return policy.  We offer 14 days to return item after receiving it. If item is defective we will supply return shipping label. Item must be returned in original packaging with all accessories included. We also charge a 15% restocking fee for cancelled transactions that are not shipped#comma# or we let it go to eBay as an unpaid bidder case.  Do Not Bid If You Do Not Intend To Follow Through!,,,,US,0,0,0,0,0,1,100,5,2,Days_30,4,1,-1,1,,,,,
65,VerifyAdd,Failure,21916519,#quote#Error - Listing is missing required item specific(s): #quote##quote#Brand#comma# Style#comma# Size Type#comma# Bottoms Size (Women's)#quote##quote#. Please provide the required item specifics.|Brand#comma# Style#comma# Size Type#comma# Bottoms Size (Women's)|11555|#quote#,,,,,,,,,,,,,,,,,,,,,,,,,,,,,,4PS672000M010,,,,,,,,,,,,VerifyAdd,11555,LennieForNinaMsBeltHalter Maxi 10                  ,,<html><body>empty</body></html>,1000,,http://images.nationalgeographic.com/wpf/media-live/photos/000/687/cache/bonobo-congo-ziegler_68751_990x742.jpg,1,Auction,0.01,,3,0,55406,Gallery,1,sales@skygroupcloseouts.com,If you need a revised invoice for combined shipping#comma# please contact us before paying so we can adjust the shipping costs.,,,,Flat,6.875,MN,1,0,55406,FedExHomeDelivery,12,1,10,1,4PS672000M010,ReturnsAccepted,MoneyBackOrExchange,Days_14,Buyer,Please contact us before returning any item. Items listed AS-IS or For Parts/Repair are not covered by our return policy.  We offer 14 days to return item after receiving it. If item is defective we will supply return shipping label. Item must be returned in original packaging with all accessories included. We also charge a 15% restocking fee for cancelled transactions that are not shipped#comma# or we let it go to eBay as an unpaid bidder case.  Do Not Bid If You Do Not Intend To Follow Through!,,,,US,0,0,0,0,0,1,100,5,2,Days_30,4,1,-1,1,,,,,
69,VerifyAdd,Failure,21916519,#quote#Error - Listing is missing required item specific(s): #quote##quote#Brand#comma# Style#comma# Size Type#comma# Size (Men's)#quote##quote#. Please provide the required item specifics.|Brand#comma# Style#comma# Size Type#comma# Size (Men's)|15687|#quote#,,,,,,,,,,,,,,,,,,,,,,,,,,,,,,4PH883NBLA2XL,,,,,,,,,,,,VerifyAdd,15687,Carhartt Mn L/S Chest LogoTee Black 2 XL           ,,<html><body>empty</body></html>,1000,,http://images.nationalgeographic.com/wpf/media-live/photos/000/687/cache/bonobo-congo-ziegler_68751_990x742.jpg,1,Auction,0.01,,3,0,55406,Gallery,1,sales@skygroupcloseouts.com,If you need a revised invoice for combined shipping#comma# please contact us before paying so we can adjust the shipping costs.,,,,Flat,6.875,MN,1,0,55406,FedExHomeDelivery,12,1,10,1,4PH883NBLA2XL,ReturnsAccepted,MoneyBackOrExchange,Days_14,Buyer,Please contact us before returning any item. Items listed AS-IS or For Parts/Repair are not covered by our return policy.  We offer 14 days to return item after receiving it. If item is defective we will supply return shipping label. Item must be returned in original packaging with all accessories included. We also charge a 15% restocking fee for cancelled transactions that are not shipped#comma# or we let it go to eBay as an unpaid bidder case.  Do Not Bid If You Do Not Intend To Follow Through!,,,,US,0,0,0,0,0,1,100,5,2,Days_30,4,1,-1,1,,,,,
70,VerifyAdd,Failure,21916519,#quote#Error - Listing is missing required item specific(s): #quote##quote#Brand#comma# Style#comma# Size Type#comma# Size (Men's)#quote##quote#. Please provide the required item specifics.|Brand#comma# Style#comma# Size Type#comma# Size (Men's)|15687|#quote#,,,,,,,,,,,,,,,,,,,,,,,,,,,,,,4PH883NBLAXLG,,,,,,,,,,,,VerifyAdd,15687,Carhartt Mn L/S Chest LogoTee Black X Large        ,,<html><body>empty</body></html>,1000,,http://images.nationalgeographic.com/wpf/media-live/photos/000/687/cache/bonobo-congo-ziegler_68751_990x742.jpg,1,Auction,0.01,,3,0,55406,Gallery,1,sales@skygroupcloseouts.com,If you need a revised invoice for combined shipping#comma# please contact us before paying so we can adjust the shipping costs.,,,,Flat,6.875,MN,1,0,55406,FedExHomeDelivery,12,1,10,1,4PH883NBLAXLG,ReturnsAccepted,MoneyBackOrExchange,Days_14,Buyer,Please contact us before returning any item. Items listed AS-IS or For Parts/Repair are not covered by our return policy.  We offer 14 days to return item after receiving it. If item is defective we will supply return shipping label. Item must be returned in original packaging with all accessories included. We also charge a 15% restocking fee for cancelled transactions that are not shipped#comma# or we let it go to eBay as an unpaid bidder case.  Do Not Bid If You Do Not Intend To Follow Through!,,,,US,0,0,0,0,0,1,100,5,2,Days_30,4,1,-1,1,,,,,
71,VerifyAdd,Failure,21916519,#quote#Error - Listing is missing required item specific(s): #quote##quote#Brand#comma# Style#comma# Size Type#comma# Size (Men's)#quote##quote#. Please provide the required item specifics.|Brand#comma# Style#comma# Size Type#comma# Size (Men's)|15687|#quote#,,,,,,,,,,,,,,,,,,,,,,,,,,,,,,4PW1530000010,,,,,,,,,,,,VerifyAdd,15687,Pet Parade 3-in-1 Car Seat Pet Carrier             ,,<html><body>empty</body></html>,1000,,http://images.nationalgeographic.com/wpf/media-live/photos/000/687/cache/bonobo-congo-ziegler_68751_990x742.jpg,1,Auction,0.01,,3,0,55406,Gallery,1,sales@skygroupcloseouts.com,If you need a revised invoice for combined shipping#comma# please contact us before paying so we can adjust the shipping costs.,,,,Flat,6.875,MN,1,0,55406,FedExHomeDelivery,12,1,10,1,4PW1530000010,ReturnsAccepted,MoneyBackOrExchange,Days_14,Buyer,Please contact us before returning any item. Items listed AS-IS or For Parts/Repair are not covered by our return policy.  We offer 14 days to return item after receiving it. If item is defective we will supply return shipping label. Item must be returned in original packaging with all accessories included. We also charge a 15% restocking fee for cancelled transactions that are not shipped#comma# or we let it go to eBay as an unpaid bidder case.  Do Not Bid If You Do Not Intend To Follow Through!,,,,US,0,0,0,0,0,1,100,5,2,Days_30,4,1,-1,1,,,,,
72,VerifyAdd,Failure,21916519,#quote#Error - Listing is missing required item specific(s): #quote##quote#Brand#comma# Style#comma# Size Type#comma# Size (Men's)#quote##quote#. Please provide the required item specifics.|Brand#comma# Style#comma# Size Type#comma# Size (Men's)|15687|#quote#,,,,,,,,,,,,,,,,,,,,,,,,,,,,,,4QC662RKRBUXL,,,,,,,,,,,,VerifyAdd,15687,SteveMaddenMissHigh-Low HemJkt Dark Red XL         ,,<html><body>empty</body></html>,1000,,http://images.nationalgeographic.com/wpf/media-live/photos/000/687/cache/bonobo-congo-ziegler_68751_990x742.jpg,1,Auction,0.01,,3,0,55406,Gallery,1,sales@skygroupcloseouts.com,If you need a revised invoice for combined shipping#comma# please contact us before paying so we can adjust the shipping costs.,,,,Flat,6.875,MN,1,0,55406,FedExHomeDelivery,12,1,10,1,4QC662RKRBUXL,ReturnsAccepted,MoneyBackOrExchange,Days_14,Buyer,Please contact us before returning any item. Items listed AS-IS or For Parts/Repair are not covered by our return policy.  We offer 14 days to return item after receiving it. If item is defective we will supply return shipping label. Item must be returned in original packaging with all accessories included. We also charge a 15% restocking fee for cancelled transactions that are not shipped#comma# or we let it go to eBay as an unpaid bidder case.  Do Not Bid If You Do Not Intend To Follow Through!,,,,US,0,0,0,0,0,1,100,5,2,Days_30,4,1,-1,1,,,,,
73,VerifyAdd,Failure,21916519,#quote#Error - Listing is missing required item specific(s): #quote##quote#Brand#comma# Style#comma# Size Type#comma# Bottoms Size (Men's)#quote##quote#. Please provide the required item specifics.|Brand#comma# Style#comma# Size Type#comma# Bottoms Size (Men's)|15689|#quote#,,,,,,,,,,,,,,,,,,,,,,,,,,,,,,4PX201GRNAXLG,,,,,,,,,,,,VerifyAdd,15689,SpRotten Ms Beaded Neck Top Green X Large          ,,<html><body>empty</body></html>,1000,,http://images.nationalgeographic.com/wpf/media-live/photos/000/687/cache/bonobo-congo-ziegler_68751_990x742.jpg,1,Auction,0.01,,3,0,55406,Gallery,1,sales@skygroupcloseouts.com,If you need a revised invoice for combined shipping#comma# please contact us before paying so we can adjust the shipping costs.,,,,Flat,6.875,MN,1,0,55406,FedExHomeDelivery,12,1,10,1,4PX201GRNAXLG,ReturnsAccepted,MoneyBackOrExchange,Days_14,Buyer,Please contact us before returning any item. Items listed AS-IS or For Parts/Repair are not covered by our return policy.  We offer 14 days to return item after receiving it. If item is defective we will supply return shipping label. Item must be returned in original packaging with all accessories included. We also charge a 15% restocking fee for cancelled transactions that are not shipped#comma# or we let it go to eBay as an unpaid bidder case.  Do Not Bid If You Do Not Intend To Follow Through!,,,,US,0,0,0,0,0,1,100,5,2,Days_30,4,1,-1,1,,,,,
74,VerifyAdd,Failure,21916519,#quote#Error - Listing is missing required item specific(s): #quote##quote#Brand#comma# Style#comma# Size Type#comma# Bottoms Size (Men's)#quote##quote#. Please provide the required item specifics.|Brand#comma# Style#comma# Size Type#comma# Bottoms Size (Men's)|15689|#quote#,,,,,,,,,,,,,,,,,,,,,,,,,,,,,,4PU107NKHMP38,,,,,,,,,,,,VerifyAdd,15689,Lee Mn Cargo Shorts Khaki 38                       ,,<html><body>empty</body></html>,1000,,http://images.nationalgeographic.com/wpf/media-live/photos/000/687/cache/bonobo-congo-ziegler_68751_990x742.jpg,1,Auction,0.01,,3,0,55406,Gallery,1,sales@skygroupcloseouts.com,If you need a revised invoice for combined shipping#comma# please contact us before paying so we can adjust the shipping costs.,,,,Flat,6.875,MN,1,0,55406,FedExHomeDelivery,12,1,10,1,4PU107NKHMP38,ReturnsAccepted,MoneyBackOrExchange,Days_14,Buyer,Please contact us before returning any item. Items listed AS-IS or For Parts/Repair are not covered by our return policy.  We offer 14 days to return item after receiving it. If item is defective we will supply return shipping label. Item must be returned in original packaging with all accessories included. We also charge a 15% restocking fee for cancelled transactions that are not shipped#comma# or we let it go to eBay as an unpaid bidder case.  Do Not Bid If You Do Not Intend To Follow Through!,,,,US,0,0,0,0,0,1,100,5,2,Days_30,4,1,-1,1,,,,,
75,VerifyAdd,Failure,21916519,#quote#Error - Listing is missing required item specific(s): #quote##quote#Brand#comma# Style#comma# Size Type#comma# Bottoms Size (Men's)#quote##quote#. Please provide the required item specifics.|Brand#comma# Style#comma# Size Type#comma# Bottoms Size (Men's)|15689|#quote#,,,,,,,,,,,,,,,,,,,,,,,,,,,,,,4PQ926BAYAXLG,,,,,,,,,,,,VerifyAdd,15689,VF MLB Mns Mesh Short Yankees X Large              ,,<html><body>empty</body></html>,1000,,http://images.nationalgeographic.com/wpf/media-live/photos/000/687/cache/bonobo-congo-ziegler_68751_990x742.jpg,1,Auction,0.01,,3,0,55406,Gallery,1,sales@skygroupcloseouts.com,If you need a revised invoice for combined shipping#comma# please contact us before paying so we can adjust the shipping costs.,,,,Flat,6.875,MN,1,0,55406,FedExHomeDelivery,12,1,10,1,4PQ926BAYAXLG,ReturnsAccepted,MoneyBackOrExchange,Days_14,Buyer,Please contact us before returning any item. Items listed AS-IS or For Parts/Repair are not covered by our return policy.  We offer 14 days to return item after receiving it. If item is defective we will supply return shipping label. Item must be returned in original packaging with all accessories included. We also charge a 15% restocking fee for cancelled transactions that are not shipped#comma# or we let it go to eBay as an unpaid bidder case.  Do Not Bid If You Do Not Intend To Follow Through!,,,,US,0,0,0,0,0,1,100,5,2,Days_30,4,1,-1,1,,,,,
76,VerifyAdd,Failure,21916519,#quote#Error - Listing is missing required item specific(s): #quote##quote#Brand#comma# Style#comma# Size Type#comma# Bottoms Size (Men's)#quote##quote#. Please provide the required item specifics.|Brand#comma# Style#comma# Size Type#comma# Bottoms Size (Men's)|15689|#quote#,,,,,,,,,,,,,,,,,,,,,,,,,,,,,,4PU108PLIMP50,,,,,,,,,,,,VerifyAdd,15689,Lee BT Cargo Shorts plaid 50                       ,,<html><body>empty</body></html>,1000,,http://images.nationalgeographic.com/wpf/media-live/photos/000/687/cache/bonobo-congo-ziegler_68751_990x742.jpg,1,Auction,0.01,,3,0,55406,Gallery,1,sales@skygroupcloseouts.com,If you need a revised invoice for combined shipping#comma# please contact us before paying so we can adjust the shipping costs.,,,,Flat,6.875,MN,1,0,55406,FedExHomeDelivery,12,1,10,1,4PU108PLIMP50,ReturnsAccepted,MoneyBackOrExchange,Days_14,Buyer,Please contact us before returning any item. Items listed AS-IS or For Parts/Repair are not covered by our return policy.  We offer 14 days to return item after receiving it. If item is defective we will supply return shipping label. Item must be returned in original packaging with all accessories included. We also charge a 15% restocking fee for cancelled transactions that are not shipped#comma# or we let it go to eBay as an unpaid bidder case.  Do Not Bid If You Do Not Intend To Follow Through!,,,,US,0,0,0,0,0,1,100,5,2,Days_30,4,1,-1,1,,,,,
77,VerifyAdd,Failure,21916519,#quote#Error - Listing is missing required item specific(s): #quote##quote#Brand#comma# Style#comma# Size Type#comma# Bottoms Size (Men's)#quote##quote#. Please provide the required item specifics.|Brand#comma# Style#comma# Size Type#comma# Bottoms Size (Men's)|15689|#quote#,,,,,,,,,,,,,,,,,,,,,,,,,,,,,,4PU108NKHMP54,,,,,,,,,,,,VerifyAdd,15689,Lee BT Cargo Shorts Khaki 54                       ,,<html><body>empty</body></html>,1000,,http://images.nationalgeographic.com/wpf/media-live/photos/000/687/cache/bonobo-congo-ziegler_68751_990x742.jpg,1,Auction,0.01,,3,0,55406,Gallery,1,sales@skygroupcloseouts.com,If you need a revised invoice for combined shipping#comma# please contact us before paying so we can adjust the shipping costs.,,,,Flat,6.875,MN,1,0,55406,FedExHomeDelivery,12,1,10,1,4PU108NKHMP54,ReturnsAccepted,MoneyBackOrExchange,Days_14,Buyer,Please contact us before returning any item. Items listed AS-IS or For Parts/Repair are not covered by our return policy.  We offer 14 days to return item after receiving it. If item is defective we will supply return shipping label. Item must be returned in original packaging with all accessories included. We also charge a 15% restocking fee for cancelled transactions that are not shipped#comma# or we let it go to eBay as an unpaid bidder case.  Do Not Bid If You Do Not Intend To Follow Through!,,,,US,0,0,0,0,0,1,100,5,2,Days_30,4,1,-1,1,,,,,
78,VerifyAdd,Failure,21916519,#quote#Error - Listing is missing required item specific(s): #quote##quote#Brand#comma# Style#comma# Size Type#comma# Bottoms Size (Men's)#quote##quote#. Please provide the required item specifics.|Brand#comma# Style#comma# Size Type#comma# Bottoms Size (Men's)|15689|#quote#,,,,,,,,,,,,,,,,,,,,,,,,,,,,,,4QB142NBLMP36,,,,,,,,,,,,VerifyAdd,15689,Ecko Mns Cross Country Short Black 36              ,,<html><body>empty</body></html>,1000,,http://images.nationalgeographic.com/wpf/media-live/photos/000/687/cache/bonobo-congo-ziegler_68751_990x742.jpg,1,Auction,0.01,,3,0,55406,Gallery,1,sales@skygroupcloseouts.com,If you need a revised invoice for combined shipping#comma# please contact us before paying so we can adjust the shipping costs.,,,,Flat,6.875,MN,1,0,55406,FedExHomeDelivery,12,1,10,1,4QB142NBLMP36,ReturnsAccepted,MoneyBackOrExchange,Days_14,Buyer,Please contact us before returning any item. Items listed AS-IS or For Parts/Repair are not covered by our return policy.  We offer 14 days to return item after receiving it. If item is defective we will supply return shipping label. Item must be returned in original packaging with all accessories included. We also charge a 15% restocking fee for cancelled transactions that are not shipped#comma# or we let it go to eBay as an unpaid bidder case.  Do Not Bid If You Do Not Intend To Follow Through!,,,,US,0,0,0,0,0,1,100,5,2,Days_30,4,1,-1,1,,,,,
79,VerifyAdd,Failure,21916519,#quote#Error - Listing is missing required item specific(s): #quote##quote#Brand#comma# Style#comma# Size Type#comma# Bottoms Size (Men's)#quote##quote#. Please provide the required item specifics.|Brand#comma# Style#comma# Size Type#comma# Bottoms Size (Men's)|15689|#quote#,,,,,,,,,,,,,,,,,,,,,,,,,,,,,,4PX226RPKALRG,,,,,,,,,,,,VerifyAdd,15689,SpRotten Ms Lace & Cotton Top Pink Large           ,,<html><body>empty</body></html>,1000,,http://images.nationalgeographic.com/wpf/media-live/photos/000/687/cache/bonobo-congo-ziegler_68751_990x742.jpg,1,Auction,0.01,,3,0,55406,Gallery,1,sales@skygroupcloseouts.com,If you need a revised invoice for combined shipping#comma# please contact us before paying so we can adjust the shipping costs.,,,,Flat,6.875,MN,1,0,55406,FedExHomeDelivery,12,1,10,1,4PX226RPKALRG,ReturnsAccepted,MoneyBackOrExchange,Days_14,Buyer,Please contact us before returning any item. Items listed AS-IS or For Parts/Repair are not covered by our return policy.  We offer 14 days to return item after receiving it. If item is defective we will supply return shipping label. Item must be returned in original packaging with all accessories included. We also charge a 15% restocking fee for cancelled transactions that are not shipped#comma# or we let it go to eBay as an unpaid bidder case.  Do Not Bid If You Do Not Intend To Follow Through!,,,,US,0,0,0,0,0,1,100,5,2,Days_30,4,1,-1,1,,,,,
80,VerifyAdd,Failure,21916519,#quote#Error - Listing is missing required item specific(s): #quote##quote#Brand#comma# Style#comma# US Shoe Size (Men's)#quote##quote#. Please provide the required item specifics.|Brand#comma# Style#comma# US Shoe Size (Men's)|15709|#quote#,,,,,,,,,,,,,,,,,,,,,,,,,,,,,,4PT374AGBS085,,,,,,,,,,,,VerifyAdd,15709,Reebok MN Sublite Pro Rise Gray/Blk/Wh 8 1/2       ,,<html><body>empty</body></html>,1000,,http://images.nationalgeographic.com/wpf/media-live/photos/000/687/cache/bonobo-congo-ziegler_68751_990x742.jpg,1,Auction,0.01,,3,0,55406,Gallery,1,sales@skygroupcloseouts.com,If you need a revised invoice for combined shipping#comma# please contact us before paying so we can adjust the shipping costs.,,,,Flat,6.875,MN,1,0,55406,FedExHomeDelivery,12,1,10,1,4PT374AGBS085,ReturnsAccepted,MoneyBackOrExchange,Days_14,Buyer,Please contact us before returning any item. Items listed AS-IS or For Parts/Repair are not covered by our return policy.  We offer 14 days to return item after receiving it. If item is defective we will supply return shipping label. Item must be returned in original packaging with all accessories included. We also charge a 15% restocking fee for cancelled transactions that are not shipped#comma# or we let it go to eBay as an unpaid bidder case.  Do Not Bid If You Do Not Intend To Follow Through!,,,,US,0,0,0,0,0,1,100,5,2,Days_30,4,1,-1,1,,,,,
82,VerifyAdd,Failure,107,#quote#Error - The category is not valid#comma# select another category.|#quote#,,,,,,,,,,,,,,,,,,,,,,,,,,,,,,4N28840000010,,,,,,,,,,,,VerifyAdd,16085,Argyle Jacquard 5pc Set Red                        ,,<html><body>empty</body></html>,1000,,http://images.nationalgeographic.com/wpf/media-live/photos/000/687/cache/bonobo-congo-ziegler_68751_990x742.jpg,1,Auction,0.01,,3,0,55406,Gallery,1,sales@skygroupcloseouts.com,If you need a revised invoice for combined shipping#comma# please contact us before paying so we can adjust the shipping costs.,,,,Flat,6.875,MN,1,0,55406,FedExHomeDelivery,12,1,10,1,4N28840000010,ReturnsAccepted,MoneyBackOrExchange,Days_14,Buyer,Please contact us before returning any item. Items listed AS-IS or For Parts/Repair are not covered by our return policy.  We offer 14 days to return item after receiving it. If item is defective we will supply return shipping label. Item must be returned in original packaging with all accessories included. We also charge a 15% restocking fee for cancelled transactions that are not shipped#comma# or we let it go to eBay as an unpaid bidder case.  Do Not Bid If You Do Not Intend To Follow Through!,,,,US,0,0,0,0,0,1,100,5,2,Days_30,4,1,-1,1,,,,,
135,VerifyAdd,Failure,#quote#21917121|107#quote#,#quote#Warning - Condition is not applicable for this category. The condition value submitted has been dropped.||Error - The category is not valid#comma# select another category.|#quote#,,,,,,,,,,,,,,,,,,,,,,,,,,,,,,4F0861NOA0010,,,,,,,,,,,,VerifyAdd,20461,MyH SolidMicrofr QN Sheets-Oatmeal                 ,,<html><body>empty</body></html>,1000,,http://images.nationalgeographic.com/wpf/media-live/photos/000/687/cache/bonobo-congo-ziegler_68751_990x742.jpg,1,Auction,0.01,,3,0,55406,Gallery,1,sales@skygroupcloseouts.com,If you need a revised invoice for combined shipping#comma# please contact us before paying so we can adjust the shipping costs.,,,,Flat,6.875,MN,1,0,55406,FedExHomeDelivery,12,1,10,1,4F0861NOA0010,ReturnsAccepted,MoneyBackOrExchange,Days_14,Buyer,Please contact us before returning any item. Items listed AS-IS or For Parts/Repair are not covered by our return policy.  We offer 14 days to return item after receiving it. If item is defective we will supply return shipping label. Item must be returned in original packaging with all accessories included. We also charge a 15% restocking fee for cancelled transactions that are not shipped#comma# or we let it go to eBay as an unpaid bidder case.  Do Not Bid If You Do Not Intend To Follow Through!,,,,US,0,0,0,0,0,1,100,5,2,Days_30,4,1,-1,1,,,,,
155,VerifyAdd,Failure,21916519,#quote#Error - Listing is missing required item specific(s): #quote##quote#Brand#comma# Style#comma# US Shoe Size (Men's)#quote##quote#. Please provide the required item specifics.|Brand#comma# Style#comma# US Shoe Size (Men's)|24087|#quote#,,,,,,,,,,,,,,,,,,,,,,,,,,,,,,4PQ852NBRS130,,,,,,,,,,,,VerifyAdd,24087,Skechers MN Work Oxford Brown 13                   ,,<html><body>empty</body></html>,1000,,http://images.nationalgeographic.com/wpf/media-live/photos/000/687/cache/bonobo-congo-ziegler_68751_990x742.jpg,1,Auction,0.01,,3,0,55406,Gallery,1,sales@skygroupcloseouts.com,If you need a revised invoice for combined shipping#comma# please contact us before paying so we can adjust the shipping costs.,,,,Flat,6.875,MN,1,0,55406,FedExHomeDelivery,12,1,10,1,4PQ852NBRS130,ReturnsAccepted,MoneyBackOrExchange,Days_14,Buyer,Please contact us before returning any item. Items listed AS-IS or For Parts/Repair are not covered by our return policy.  We offer 14 days to return item after receiving it. If item is defective we will supply return shipping label. Item must be returned in original packaging with all accessories included. We also charge a 15% restocking fee for cancelled transactions that are not shipped#comma# or we let it go to eBay as an unpaid bidder case.  Do Not Bid If You Do Not Intend To Follow Through!,,,,US,0,0,0,0,0,1,100,5,2,Days_30,4,1,-1,1,,,,,
156,VerifyAdd,Failure,21916519,#quote#Error - Listing is missing required item specific(s): #quote##quote#Brand#comma# Style#comma# US Shoe Size (Men's)#quote##quote#. Please provide the required item specifics.|Brand#comma# Style#comma# US Shoe Size (Men's)|24087|#quote#,,,,,,,,,,,,,,,,,,,,,,,,,,,,,,4PA838AG2S040,,,,,,,,,,,,VerifyAdd,24087,Converse MN Color All Star Ox Gold/Black 4         ,,<html><body>empty</body></html>,1000,,http://images.nationalgeographic.com/wpf/media-live/photos/000/687/cache/bonobo-congo-ziegler_68751_990x742.jpg,1,Auction,0.01,,3,0,55406,Gallery,1,sales@skygroupcloseouts.com,If you need a revised invoice for combined shipping#comma# please contact us before paying so we can adjust the shipping costs.,,,,Flat,6.875,MN,1,0,55406,FedExHomeDelivery,12,1,10,1,4PA838AG2S040,ReturnsAccepted,MoneyBackOrExchange,Days_14,Buyer,Please contact us before returning any item. Items listed AS-IS or For Parts/Repair are not covered by our return policy.  We offer 14 days to return item after receiving it. If item is defective we will supply return shipping label. Item must be returned in original packaging with all accessories included. We also charge a 15% restocking fee for cancelled transactions that are not shipped#comma# or we let it go to eBay as an unpaid bidder case.  Do Not Bid If You Do Not Intend To Follow Through!,,,,US,0,0,0,0,0,1,100,5,2,Days_30,4,1,-1,1,,,,,
157,VerifyAdd,Failure,21916519,#quote#Error - Listing is missing required item specific(s): #quote##quote#Brand#comma# Style#comma# US Shoe Size (Men's)#quote##quote#. Please provide the required item specifics.|Brand#comma# Style#comma# US Shoe Size (Men's)|24087|#quote#,,,,,,,,,,,,,,,,,,,,,,,,,,,,,,4PQ854NBLS095,,,,,,,,,,,,VerifyAdd,24087,Skechers MN Work Oxford Wide Black 9 1/2           ,,<html><body>empty</body></html>,1000,,http://images.nationalgeographic.com/wpf/media-live/photos/000/687/cache/bonobo-congo-ziegler_68751_990x742.jpg,1,Auction,0.01,,3,0,55406,Gallery,1,sales@skygroupcloseouts.com,If you need a revised invoice for combined shipping#comma# please contact us before paying so we can adjust the shipping costs.,,,,Flat,6.875,MN,1,0,55406,FedExHomeDelivery,12,1,10,1,4PQ854NBLS095,ReturnsAccepted,MoneyBackOrExchange,Days_14,Buyer,Please contact us before returning any item. Items listed AS-IS or For Parts/Repair are not covered by our return policy.  We offer 14 days to return item after receiving it. If item is defective we will supply return shipping label. Item must be returned in original packaging with all accessories included. We also charge a 15% restocking fee for cancelled transactions that are not shipped#comma# or we let it go to eBay as an unpaid bidder case.  Do Not Bid If You Do Not Intend To Follow Through!,,,,US,0,0,0,0,0,1,100,5,2,Days_30,4,1,-1,1,,,,,
158,VerifyAdd,Failure,21916519,#quote#Error - Listing is missing required item specific(s): #quote##quote#Brand#comma# Style#comma# US Shoe Size (Men's)#quote##quote#. Please provide the required item specifics.|Brand#comma# Style#comma# US Shoe Size (Men's)|24087|#quote#,,,,,,,,,,,,,,,,,,,,,,,,,,,,,,4PS625RRIJ065,,,,,,,,,,,,VerifyAdd,24087,Converse CT AS Low Hawaiian Red Print 6 1/2        ,,<html><body>empty</body></html>,1000,,http://images.nationalgeographic.com/wpf/media-live/photos/000/687/cache/bonobo-congo-ziegler_68751_990x742.jpg,1,Auction,0.01,,3,0,55406,Gallery,1,sales@skygroupcloseouts.com,If you need a revised invoice for combined shipping#comma# please contact us before paying so we can adjust the shipping costs.,,,,Flat,6.875,MN,1,0,55406,FedExHomeDelivery,12,1,10,1,4PS625RRIJ065,ReturnsAccepted,MoneyBackOrExchange,Days_14,Buyer,Please contact us before returning any item. Items listed AS-IS or For Parts/Repair are not covered by our return policy.  We offer 14 days to return item after receiving it. If item is defective we will supply return shipping label. Item must be returned in original packaging with all accessories included. We also charge a 15% restocking fee for cancelled transactions that are not shipped#comma# or we let it go to eBay as an unpaid bidder case.  Do Not Bid If You Do Not Intend To Follow Through!,,,,US,0,0,0,0,0,1,100,5,2,Days_30,4,1,-1,1,,,,,
159,VerifyAdd,Failure,21916519,#quote#Error - Listing is missing required item specific(s): #quote##quote#Brand#comma# Style#comma# US Shoe Size (Men's)#quote##quote#. Please provide the required item specifics.|Brand#comma# Style#comma# US Shoe Size (Men's)|24087|#quote#,,,,,,,,,,,,,,,,,,,,,,,,,,,,,,4PA206NBRS080,,,,,,,,,,,,VerifyAdd,24087,Skechers Mens Journeyman Sandl Brown 8             ,,<html><body>empty</body></html>,1000,,http://images.nationalgeographic.com/wpf/media-live/photos/000/687/cache/bonobo-congo-ziegler_68751_990x742.jpg,1,Auction,0.01,,3,0,55406,Gallery,1,sales@skygroupcloseouts.com,If you need a revised invoice for combined shipping#comma# please contact us before paying so we can adjust the shipping costs.,,,,Flat,6.875,MN,1,0,55406,FedExHomeDelivery,12,1,10,1,4PA206NBRS080,ReturnsAccepted,MoneyBackOrExchange,Days_14,Buyer,Please contact us before returning any item. Items listed AS-IS or For Parts/Repair are not covered by our return policy.  We offer 14 days to return item after receiving it. If item is defective we will supply return shipping label. Item must be returned in original packaging with all accessories included. We also charge a 15% restocking fee for cancelled transactions that are not shipped#comma# or we let it go to eBay as an unpaid bidder case.  Do Not Bid If You Do Not Intend To Follow Through!,,,,US,0,0,0,0,0,1,100,5,2,Days_30,4,1,-1,1,,,,,
160,VerifyAdd,Failure,21916519,#quote#Error - Listing is missing required item specific(s): #quote##quote#Brand#comma# Style#comma# US Shoe Size (Men's)#quote##quote#. Please provide the required item specifics.|Brand#comma# Style#comma# US Shoe Size (Men's)|24087|#quote#,,,,,,,,,,,,,,,,,,,,,,,,,,,,,,4PX810RNVS100,,,,,,,,,,,,VerifyAdd,24087,Dr. Scholls Rock Sandal Red-Navy 10               ,,<html><body>empty</body></html>,1000,,http://images.nationalgeographic.com/wpf/media-live/photos/000/687/cache/bonobo-congo-ziegler_68751_990x742.jpg,1,Auction,0.01,,3,0,55406,Gallery,1,sales@skygroupcloseouts.com,If you need a revised invoice for combined shipping#comma# please contact us before paying so we can adjust the shipping costs.,,,,Flat,6.875,MN,1,0,55406,FedExHomeDelivery,12,1,10,1,4PX810RNVS100,ReturnsAccepted,MoneyBackOrExchange,Days_14,Buyer,Please contact us before returning any item. Items listed AS-IS or For Parts/Repair are not covered by our return policy.  We offer 14 days to return item after receiving it. If item is defective we will supply return shipping label. Item must be returned in original packaging with all accessories included. We also charge a 15% restocking fee for cancelled transactions that are not shipped#comma# or we let it go to eBay as an unpaid bidder case.  Do Not Bid If You Do Not Intend To Follow Through!,,,,US,0,0,0,0,0,1,100,5,2,Days_30,4,1,-1,1,,,,,
161,VerifyAdd,Failure,21916519,#quote#Error - Listing is missing required item specific(s): #quote##quote#Brand#comma# Style#comma# US Shoe Size (Men's)#quote##quote#. Please provide the required item specifics.|Brand#comma# Style#comma# US Shoe Size (Men's)|24087|#quote#,,,,,,,,,,,,,,,,,,,,,,,,,,,,,,4PQ852NBLS120,,,,,,,,,,,,VerifyAdd,24087,Skechers MN Work Oxford Black 12                   ,,<html><body>empty</body></html>,1000,,http://images.nationalgeographic.com/wpf/media-live/photos/000/687/cache/bonobo-congo-ziegler_68751_990x742.jpg,1,Auction,0.01,,3,0,55406,Gallery,1,sales@skygroupcloseouts.com,If you need a revised invoice for combined shipping#comma# please contact us before paying so we can adjust the shipping costs.,,,,Flat,6.875,MN,1,0,55406,FedExHomeDelivery,12,1,10,1,4PQ852NBLS120,ReturnsAccepted,MoneyBackOrExchange,Days_14,Buyer,Please contact us before returning any item. Items listed AS-IS or For Parts/Repair are not covered by our return policy.  We offer 14 days to return item after receiving it. If item is defective we will supply return shipping label. Item must be returned in original packaging with all accessories included. We also charge a 15% restocking fee for cancelled transactions that are not shipped#comma# or we let it go to eBay as an unpaid bidder case.  Do Not Bid If You Do Not Intend To Follow Through!,,,,US,0,0,0,0,0,1,100,5,2,Days_30,4,1,-1,1,,,,,
162,VerifyAdd,Failure,21916519,#quote#Error - Listing is missing required item specific(s): #quote##quote#Brand#comma# Style#comma# US Shoe Size (Men's)#quote##quote#. Please provide the required item specifics.|Brand#comma# Style#comma# US Shoe Size (Men's)|24087|#quote#,,,,,,,,,,,,,,,,,,,,,,,,,,,,,,4P10320000010,,,,,,,,,,,,VerifyAdd,24087,Cloud King Sheet Set                               ,,<html><body>empty</body></html>,1000,,http://images.nationalgeographic.com/wpf/media-live/photos/000/687/cache/bonobo-congo-ziegler_68751_990x742.jpg,1,Auction,0.01,,3,0,55406,Gallery,1,sales@skygroupcloseouts.com,If you need a revised invoice for combined shipping#comma# please contact us before paying so we can adjust the shipping costs.,,,,Flat,6.875,MN,1,0,55406,FedExHomeDelivery,12,1,10,1,4P10320000010,ReturnsAccepted,MoneyBackOrExchange,Days_14,Buyer,Please contact us before returning any item. Items listed AS-IS or For Parts/Repair are not covered by our return policy.  We offer 14 days to return item after receiving it. If item is defective we will supply return shipping label. Item must be returned in original packaging with all accessories included. We also charge a 15% restocking fee for cancelled transactions that are not shipped#comma# or we let it go to eBay as an unpaid bidder case.  Do Not Bid If You Do Not Intend To Follow Through!,,,,US,0,0,0,0,0,1,100,5,2,Days_30,4,1,-1,1,,,,,
163,VerifyAdd,Failure,21916519,#quote#Error - Listing is missing required item specific(s): #quote##quote#Brand#comma# Style#comma# US Shoe Size (Men's)#quote##quote#. Please provide the required item specifics.|Brand#comma# Style#comma# US Shoe Size (Men's)|24087|#quote#,,,,,,,,,,,,,,,,,,,,,,,,,,,,,,4PX810ANWS090,,,,,,,,,,,,VerifyAdd,24087,Dr. Scholls Rock Sandal Navy/White 9              ,,<html><body>empty</body></html>,1000,,http://images.nationalgeographic.com/wpf/media-live/photos/000/687/cache/bonobo-congo-ziegler_68751_990x742.jpg,1,Auction,0.01,,3,0,55406,Gallery,1,sales@skygroupcloseouts.com,If you need a revised invoice for combined shipping#comma# please contact us before paying so we can adjust the shipping costs.,,,,Flat,6.875,MN,1,0,55406,FedExHomeDelivery,12,1,10,1,4PX810ANWS090,ReturnsAccepted,MoneyBackOrExchange,Days_14,Buyer,Please contact us before returning any item. Items listed AS-IS or For Parts/Repair are not covered by our return policy.  We offer 14 days to return item after receiving it. If item is defective we will supply return shipping label. Item must be returned in original packaging with all accessories included. We also charge a 15% restocking fee for cancelled transactions that are not shipped#comma# or we let it go to eBay as an unpaid bidder case.  Do Not Bid If You Do Not Intend To Follow Through!,,,,US,0,0,0,0,0,1,100,5,2,Days_30,4,1,-1,1,,,,,
164,VerifyAdd,Failure,21916519,#quote#Error - Listing is missing required item specific(s): #quote##quote#Brand#comma# Style#comma# US Shoe Size (Men's)#quote##quote#. Please provide the required item specifics.|Brand#comma# Style#comma# US Shoe Size (Men's)|24087|#quote#,,,,,,,,,,,,,,,,,,,,,,,,,,,,,,4PQ852NBLS140,,,,,,,,,,,,VerifyAdd,24087,Skechers MN Work Oxford Black 14                   ,,<html><body>empty</body></html>,1000,,http://images.nationalgeographic.com/wpf/media-live/photos/000/687/cache/bonobo-congo-ziegler_68751_990x742.jpg,1,Auction,0.01,,3,0,55406,Gallery,1,sales@skygroupcloseouts.com,If you need a revised invoice for combined shipping#comma# please contact us before paying so we can adjust the shipping costs.,,,,Flat,6.875,MN,1,0,55406,FedExHomeDelivery,12,1,10,1,4PQ852NBLS140,ReturnsAccepted,MoneyBackOrExchange,Days_14,Buyer,Please contact us before returning any item. Items listed AS-IS or For Parts/Repair are not covered by our return policy.  We offer 14 days to return item after receiving it. If item is defective we will supply return shipping label. Item must be returned in original packaging with all accessories included. We also charge a 15% restocking fee for cancelled transactions that are not shipped#comma# or we let it go to eBay as an unpaid bidder case.  Do Not Bid If You Do Not Intend To Follow Through!,,,,US,0,0,0,0,0,1,100,5,2,Days_30,4,1,-1,1,,,,,
165,VerifyAdd,Failure,21916519,#quote#Error - Listing is missing required item specific(s): #quote##quote#Brand#comma# Style#comma# US Shoe Size (Men's)#quote##quote#. Please provide the required item specifics.|Brand#comma# Style#comma# US Shoe Size (Men's)|24087|#quote#,,,,,,,,,,,,,,,,,,,,,,,,,,,,,,4PT374AGBS085,,,,,,,,,,,,VerifyAdd,24087,Reebok MN Sublite Pro Rise Gray/Blk/Wh 8 1/2       ,,<html><body>empty</body></html>,1000,,http://images.nationalgeographic.com/wpf/media-live/photos/000/687/cache/bonobo-congo-ziegler_68751_990x742.jpg,1,Auction,0.01,,3,0,55406,Gallery,1,sales@skygroupcloseouts.com,If you need a revised invoice for combined shipping#comma# please contact us before paying so we can adjust the shipping costs.,,,,Flat,6.875,MN,1,0,55406,FedExHomeDelivery,12,1,10,1,4PT374AGBS085,ReturnsAccepted,MoneyBackOrExchange,Days_14,Buyer,Please contact us before returning any item. Items listed AS-IS or For Parts/Repair are not covered by our return policy.  We offer 14 days to return item after receiving it. If item is defective we will supply return shipping label. Item must be returned in original packaging with all accessories included. We also charge a 15% restocking fee for cancelled transactions that are not shipped#comma# or we let it go to eBay as an unpaid bidder case.  Do Not Bid If You Do Not Intend To Follow Through!,,,,US,0,0,0,0,0,1,100,5,2,Days_30,4,1,-1,1,,,,,
166,VerifyAdd,Failure,21916519,#quote#Error - Listing is missing required item specific(s): #quote##quote#Brand#comma# Style#comma# US Shoe Size (Men's)#quote##quote#. Please provide the required item specifics.|Brand#comma# Style#comma# US Shoe Size (Men's)|24087|#quote#,,,,,,,,,,,,,,,,,,,,,,,,,,,,,,4PW143BNVS130,,,,,,,,,,,,VerifyAdd,24087,DS MN Sway Suede Oxford Navy 13                    ,,<html><body>empty</body></html>,1000,,http://images.nationalgeographic.com/wpf/media-live/photos/000/687/cache/bonobo-congo-ziegler_68751_990x742.jpg,1,Auction,0.01,,3,0,55406,Gallery,1,sales@skygroupcloseouts.com,If you need a revised invoice for combined shipping#comma# please contact us before paying so we can adjust the shipping costs.,,,,Flat,6.875,MN,1,0,55406,FedExHomeDelivery,12,1,10,1,4PW143BNVS130,ReturnsAccepted,MoneyBackOrExchange,Days_14,Buyer,Please contact us before returning any item. Items listed AS-IS or For Parts/Repair are not covered by our return policy.  We offer 14 days to return item after receiving it. If item is defective we will supply return shipping label. Item must be returned in original packaging with all accessories included. We also charge a 15% restocking fee for cancelled transactions that are not shipped#comma# or we let it go to eBay as an unpaid bidder case.  Do Not Bid If You Do Not Intend To Follow Through!,,,,US,0,0,0,0,0,1,100,5,2,Days_30,4,1,-1,1,,,,,
169,VerifyAdd,Failure,#quote#21917121|107#quote#,#quote#Warning - Condition is not applicable for this category. The condition value submitted has been dropped.||Error - The category is not valid#comma# select another category.|#quote#,,,,,,,,,,,,,,,,,,,,,,,,,,,,,,4P4047FCB0010,,,,,,,,,,,,VerifyAdd,33697,Carpeted Car Mats -NFL Cowboys                     ,,<html><body>empty</body></html>,1000,,http://images.nationalgeographic.com/wpf/media-live/photos/000/687/cache/bonobo-congo-ziegler_68751_990x742.jpg,1,Auction,0.01,,3,0,55406,Gallery,1,sales@skygroupcloseouts.com,If you need a revised invoice for combined shipping#comma# please contact us before paying so we can adjust the shipping costs.,,,,Flat,6.875,MN,1,0,55406,FedExHomeDelivery,12,1,10,1,4P4047FCB0010,ReturnsAccepted,MoneyBackOrExchange,Days_14,Buyer,Please contact us before returning any item. Items listed AS-IS or For Parts/Repair are not covered by our return policy.  We offer 14 days to return item after receiving it. If item is defective we will supply return shipping label. Item must be returned in original packaging with all accessories included. We also charge a 15% restocking fee for cancelled transactions that are not shipped#comma# or we let it go to eBay as an unpaid bidder case.  Do Not Bid If You Do Not Intend To Follow Through!,,,,US,0,0,0,0,0,1,100,5,2,Days_30,4,1,-1,1,,,,,
170,VerifyAdd,Failure,#quote#21917121|107#quote#,#quote#Warning - Condition is not applicable for this category. The condition value submitted has been dropped.||Error - The category is not valid#comma# select another category.|#quote#,,,,,,,,,,,,,,,,,,,,,,,,,,,,,,4P3990UAR0010,,,,,,,,,,,,VerifyAdd,33697,Carpeted Car Mats -Collegiate U of Arkans          ,,<html><body>empty</body></html>,1000,,http://images.nationalgeographic.com/wpf/media-live/photos/000/687/cache/bonobo-congo-ziegler_68751_990x742.jpg,1,Auction,0.01,,3,0,55406,Gallery,1,sales@skygroupcloseouts.com,If you need a revised invoice for combined shipping#comma# please contact us before paying so we can adjust the shipping costs.,,,,Flat,6.875,MN,1,0,55406,FedExHomeDelivery,12,1,10,1,4P3990UAR0010,ReturnsAccepted,MoneyBackOrExchange,Days_14,Buyer,Please contact us before returning any item. Items listed AS-IS or For Parts/Repair are not covered by our return policy.  We offer 14 days to return item after receiving it. If item is defective we will supply return shipping label. Item must be returned in original packaging with all accessories included. We also charge a 15% restocking fee for cancelled transactions that are not shipped#comma# or we let it go to eBay as an unpaid bidder case.  Do Not Bid If You Do Not Intend To Follow Through!,,,,US,0,0,0,0,0,1,100,5,2,Days_30,4,1,-1,1,,,,,
179,VerifyAdd,Failure,#quote#21917121|107#quote#,#quote#Warning - Condition is not applicable for this category. The condition value submitted has been dropped.||Error - The category is not valid#comma# select another category.|#quote#,,,,,,,,,,,,,,,,,,,,,,,,,,,,,,4PF226NAF0010,,,,,,,,,,,,VerifyAdd,40017,EclipseTavrnBOTherm Valance-Cafe                   ,,<html><body>empty</body></html>,1000,,http://images.nationalgeographic.com/wpf/media-live/photos/000/687/cache/bonobo-congo-ziegler_68751_990x742.jpg,1,Auction,0.01,,3,0,55406,Gallery,1,sales@skygroupcloseouts.com,If you need a revised invoice for combined shipping#comma# please contact us before paying so we can adjust the shipping costs.,,,,Flat,6.875,MN,1,0,55406,FedExHomeDelivery,12,1,10,1,4PF226NAF0010,ReturnsAccepted,MoneyBackOrExchange,Days_14,Buyer,Please contact us before returning any item. Items listed AS-IS or For Parts/Repair are not covered by our return policy.  We offer 14 days to return item after receiving it. If item is defective we will supply return shipping label. Item must be returned in original packaging with all accessories included. We also charge a 15% restocking fee for cancelled transactions that are not shipped#comma# or we let it go to eBay as an unpaid bidder case.  Do Not Bid If You Do Not Intend To Follow Through!,,,,US,0,0,0,0,0,1,100,5,2,Days_30,4,1,-1,1,,,,,
180,VerifyAdd,Failure,#quote#21917121|107#quote#,#quote#Warning - Condition is not applicable for this category. The condition value submitted has been dropped.||Error - The category is not valid#comma# select another category.|#quote#,,,,,,,,,,,,,,,,,,,,,,,,,,,,,,4PF649REDALRG,,,,,,,,,,,,VerifyAdd,40017,Excelled Ms Polyester Pea Coat Red Large           ,,<html><body>empty</body></html>,1000,,http://images.nationalgeographic.com/wpf/media-live/photos/000/687/cache/bonobo-congo-ziegler_68751_990x742.jpg,1,Auction,0.01,,3,0,55406,Gallery,1,sales@skygroupcloseouts.com,If you need a revised invoice for combined shipping#comma# please contact us before paying so we can adjust the shipping costs.,,,,Flat,6.875,MN,1,0,55406,FedExHomeDelivery,12,1,10,1,4PF649REDALRG,ReturnsAccepted,MoneyBackOrExchange,Days_14,Buyer,Please contact us before returning any item. Items listed AS-IS or For Parts/Repair are not covered by our return policy.  We offer 14 days to return item after receiving it. If item is defective we will supply return shipping label. Item must be returned in original packaging with all accessories included. We also charge a 15% restocking fee for cancelled transactions that are not shipped#comma# or we let it go to eBay as an unpaid bidder case.  Do Not Bid If You Do Not Intend To Follow Through!,,,,US,0,0,0,0,0,1,100,5,2,Days_30,4,1,-1,1,,,,,
181,VerifyAdd,Failure,#quote#21917121|107#quote#,#quote#Warning - Condition is not applicable for this category. The condition value submitted has been dropped.||Error - The category is not valid#comma# select another category.|#quote#,,,,,,,,,,,,,,,,,,,,,,,,,,,,,,4P3990UAR0010,,,,,,,,,,,,VerifyAdd,40017,Carpeted Car Mats -Collegiate U of Arkans          ,,<html><body>empty</body></html>,1000,,http://images.nationalgeographic.com/wpf/media-live/photos/000/687/cache/bonobo-congo-ziegler_68751_990x742.jpg,1,Auction,0.01,,3,0,55406,Gallery,1,sales@skygroupcloseouts.com,If you need a revised invoice for combined shipping#comma# please contact us before paying so we can adjust the shipping costs.,,,,Flat,6.875,MN,1,0,55406,FedExHomeDelivery,12,1,10,1,4P3990UAR0010,ReturnsAccepted,MoneyBackOrExchange,Days_14,Buyer,Please contact us before returning any item. Items listed AS-IS or For Parts/Repair are not covered by our return policy.  We offer 14 days to return item after receiving it. If item is defective we will supply return shipping label. Item must be returned in original packaging with all accessories included. We also charge a 15% restocking fee for cancelled transactions that are not shipped#comma# or we let it go to eBay as an unpaid bidder case.  Do Not Bid If You Do Not Intend To Follow Through!,,,,US,0,0,0,0,0,1,100,5,2,Days_30,4,1,-1,1,,,,,
203,VerifyAdd,Failure,21916519,#quote#Error - Listing is missing required item specific(s): #quote##quote#Brand#comma# Style#comma# US Shoe Size (Women's)#quote##quote#. Please provide the required item specifics.|Brand#comma# Style#comma# US Shoe Size (Women's)|45333|#quote#,,,,,,,,,,,,,,,,,,,,,,,,,,,,,,4NR603NCNS080,,,,,,,,,,,,VerifyAdd,45333,Skechers WM Fortrss Suede Clog Chestnut 8          ,,<html><body>empty</body></html>,1000,,http://images.nationalgeographic.com/wpf/media-live/photos/000/687/cache/bonobo-congo-ziegler_68751_990x742.jpg,1,Auction,0.01,,3,0,55406,Gallery,1,sales@skygroupcloseouts.com,If you need a revised invoice for combined shipping#comma# please contact us before paying so we can adjust the shipping costs.,,,,Flat,6.875,MN,1,0,55406,FedExHomeDelivery,12,1,10,1,4NR603NCNS080,ReturnsAccepted,MoneyBackOrExchange,Days_14,Buyer,Please contact us before returning any item. Items listed AS-IS or For Parts/Repair are not covered by our return policy.  We offer 14 days to return item after receiving it. If item is defective we will supply return shipping label. Item must be returned in original packaging with all accessories included. We also charge a 15% restocking fee for cancelled transactions that are not shipped#comma# or we let it go to eBay as an unpaid bidder case.  Do Not Bid If You Do Not Intend To Follow Through!,,,,US,0,0,0,0,0,1,100,5,2,Days_30,4,1,-1,1,,,,,
204,VerifyAdd,Failure,21916519,#quote#Error - Listing is missing required item specific(s): #quote##quote#Brand#comma# Style#comma# US Shoe Size (Women's)#quote##quote#. Please provide the required item specifics.|Brand#comma# Style#comma# US Shoe Size (Women's)|45333|#quote#,,,,,,,,,,,,,,,,,,,,,,,,,,,,,,4PX788NGCS090,,,,,,,,,,,,VerifyAdd,45333,Dr. Scholls Joliet Flat Gold/Cream 9              ,,<html><body>empty</body></html>,1000,,http://images.nationalgeographic.com/wpf/media-live/photos/000/687/cache/bonobo-congo-ziegler_68751_990x742.jpg,1,Auction,0.01,,3,0,55406,Gallery,1,sales@skygroupcloseouts.com,If you need a revised invoice for combined shipping#comma# please contact us before paying so we can adjust the shipping costs.,,,,Flat,6.875,MN,1,0,55406,FedExHomeDelivery,12,1,10,1,4PX788NGCS090,ReturnsAccepted,MoneyBackOrExchange,Days_14,Buyer,Please contact us before returning any item. Items listed AS-IS or For Parts/Repair are not covered by our return policy.  We offer 14 days to return item after receiving it. If item is defective we will supply return shipping label. Item must be returned in original packaging with all accessories included. We also charge a 15% restocking fee for cancelled transactions that are not shipped#comma# or we let it go to eBay as an unpaid bidder case.  Do Not Bid If You Do Not Intend To Follow Through!,,,,US,0,0,0,0,0,1,100,5,2,Days_30,4,1,-1,1,,,,,
205,VerifyAdd,Failure,21916519,#quote#Error - Listing is missing required item specific(s): #quote##quote#Brand#comma# Style#comma# US Shoe Size (Women's)#quote##quote#. Please provide the required item specifics.|Brand#comma# Style#comma# US Shoe Size (Women's)|45333|#quote#,,,,,,,,,,,,,,,,,,,,,,,,,,,,,,4PX788NBZS080,,,,,,,,,,,,VerifyAdd,45333,Dr. Scholls Joliet Flat Bronze 8                  ,,<html><body>empty</body></html>,1000,,http://images.nationalgeographic.com/wpf/media-live/photos/000/687/cache/bonobo-congo-ziegler_68751_990x742.jpg,1,Auction,0.01,,3,0,55406,Gallery,1,sales@skygroupcloseouts.com,If you need a revised invoice for combined shipping#comma# please contact us before paying so we can adjust the shipping costs.,,,,Flat,6.875,MN,1,0,55406,FedExHomeDelivery,12,1,10,1,4PX788NBZS080,ReturnsAccepted,MoneyBackOrExchange,Days_14,Buyer,Please contact us before returning any item. Items listed AS-IS or For Parts/Repair are not covered by our return policy.  We offer 14 days to return item after receiving it. If item is defective we will supply return shipping label. Item must be returned in original packaging with all accessories included. We also charge a 15% restocking fee for cancelled transactions that are not shipped#comma# or we let it go to eBay as an unpaid bidder case.  Do Not Bid If You Do Not Intend To Follow Through!,,,,US,0,0,0,0,0,1,100,5,2,Days_30,4,1,-1,1,,,,,
206,VerifyAdd,Failure,21916519,#quote#Error - Listing is missing required item specific(s): #quote##quote#Brand#comma# Style#comma# US Shoe Size (Women's)#quote##quote#. Please provide the required item specifics.|Brand#comma# Style#comma# US Shoe Size (Women's)|45333|#quote#,,,,,,,,,,,,,,,,,,,,,,,,,,,,,,4PY366NBWS095,,,,,,,,,,,,VerifyAdd,45333,JS SOLEIL COLOR BLOCK FLAT Brown 9 1/2             ,,<html><body>empty</body></html>,1000,,http://images.nationalgeographic.com/wpf/media-live/photos/000/687/cache/bonobo-congo-ziegler_68751_990x742.jpg,1,Auction,0.01,,3,0,55406,Gallery,1,sales@skygroupcloseouts.com,If you need a revised invoice for combined shipping#comma# please contact us before paying so we can adjust the shipping costs.,,,,Flat,6.875,MN,1,0,55406,FedExHomeDelivery,12,1,10,1,4PY366NBWS095,ReturnsAccepted,MoneyBackOrExchange,Days_14,Buyer,Please contact us before returning any item. Items listed AS-IS or For Parts/Repair are not covered by our return policy.  We offer 14 days to return item after receiving it. If item is defective we will supply return shipping label. Item must be returned in original packaging with all accessories included. We also charge a 15% restocking fee for cancelled transactions that are not shipped#comma# or we let it go to eBay as an unpaid bidder case.  Do Not Bid If You Do Not Intend To Follow Through!,,,,US,0,0,0,0,0,1,100,5,2,Days_30,4,1,-1,1,,,,,
207,VerifyAdd,Failure,21916519,#quote#Error - Listing is missing required item specific(s): #quote##quote#Brand#comma# Style#comma# US Shoe Size (Women's)#quote##quote#. Please provide the required item specifics.|Brand#comma# Style#comma# US Shoe Size (Women's)|45333|#quote#,,,,,,,,,,,,,,,,,,,,,,,,,,,,,,4PZ121BNVS100,,,,,,,,,,,,VerifyAdd,45333,Nautica WN Biscayne Cnvs Flat Navy 10              ,,<html><body>empty</body></html>,1000,,http://images.nationalgeographic.com/wpf/media-live/photos/000/687/cache/bonobo-congo-ziegler_68751_990x742.jpg,1,Auction,0.01,,3,0,55406,Gallery,1,sales@skygroupcloseouts.com,If you need a revised invoice for combined shipping#comma# please contact us before paying so we can adjust the shipping costs.,,,,Flat,6.875,MN,1,0,55406,FedExHomeDelivery,12,1,10,1,4PZ121BNVS100,ReturnsAccepted,MoneyBackOrExchange,Days_14,Buyer,Please contact us before returning any item. Items listed AS-IS or For Parts/Repair are not covered by our return policy.  We offer 14 days to return item after receiving it. If item is defective we will supply return shipping label. Item must be returned in original packaging with all accessories included. We also charge a 15% restocking fee for cancelled transactions that are not shipped#comma# or we let it go to eBay as an unpaid bidder case.  Do Not Bid If You Do Not Intend To Follow Through!,,,,US,0,0,0,0,0,1,100,5,2,Days_30,4,1,-1,1,,,,,
208,VerifyAdd,Failure,21916519,#quote#Error - Listing is missing required item specific(s): #quote##quote#Brand#comma# Style#comma# US Shoe Size (Women's)#quote##quote#. Please provide the required item specifics.|Brand#comma# Style#comma# US Shoe Size (Women's)|45333|#quote#,,,,,,,,,,,,,,,,,,,,,,,,,,,,,,4PY174BLUKXLG,,,,,,,,,,,,VerifyAdd,45333,Lola P Ms Printed Kimono Dress Blue X-Large        ,,<html><body>empty</body></html>,1000,,http://images.nationalgeographic.com/wpf/media-live/photos/000/687/cache/bonobo-congo-ziegler_68751_990x742.jpg,1,Auction,0.01,,3,0,55406,Gallery,1,sales@skygroupcloseouts.com,If you need a revised invoice for combined shipping#comma# please contact us before paying so we can adjust the shipping costs.,,,,Flat,6.875,MN,1,0,55406,FedExHomeDelivery,12,1,10,1,4PY174BLUKXLG,ReturnsAccepted,MoneyBackOrExchange,Days_14,Buyer,Please contact us before returning any item. Items listed AS-IS or For Parts/Repair are not covered by our return policy.  We offer 14 days to return item after receiving it. If item is defective we will supply return shipping label. Item must be returned in original packaging with all accessories included. We also charge a 15% restocking fee for cancelled transactions that are not shipped#comma# or we let it go to eBay as an unpaid bidder case.  Do Not Bid If You Do Not Intend To Follow Through!,,,,US,0,0,0,0,0,1,100,5,2,Days_30,4,1,-1,1,,,,,
209,VerifyAdd,Failure,21916519,#quote#Error - Listing is missing required item specific(s): #quote##quote#Brand#comma# Style#comma# US Shoe Size (Women's)#quote##quote#. Please provide the required item specifics.|Brand#comma# Style#comma# US Shoe Size (Women's)|45333|#quote#,,,,,,,,,,,,,,,,,,,,,,,,,,,,,,4PF032NBLS100,,,,,,,,,,,,VerifyAdd,45333,Sk WM Boogie Down Suede Clog Black 10              ,,<html><body>empty</body></html>,1000,,http://images.nationalgeographic.com/wpf/media-live/photos/000/687/cache/bonobo-congo-ziegler_68751_990x742.jpg,1,Auction,0.01,,3,0,55406,Gallery,1,sales@skygroupcloseouts.com,If you need a revised invoice for combined shipping#comma# please contact us before paying so we can adjust the shipping costs.,,,,Flat,6.875,MN,1,0,55406,FedExHomeDelivery,12,1,10,1,4PF032NBLS100,ReturnsAccepted,MoneyBackOrExchange,Days_14,Buyer,Please contact us before returning any item. Items listed AS-IS or For Parts/Repair are not covered by our return policy.  We offer 14 days to return item after receiving it. If item is defective we will supply return shipping label. Item must be returned in original packaging with all accessories included. We also charge a 15% restocking fee for cancelled transactions that are not shipped#comma# or we let it go to eBay as an unpaid bidder case.  Do Not Bid If You Do Not Intend To Follow Through!,,,,US,0,0,0,0,0,1,100,5,2,Days_30,4,1,-1,1,,,,,
362,VerifyAdd,Failure,21916519,#quote#Error - Listing is missing required item specific(s): #quote##quote#Brand#comma# Size Type#comma# Size (Women's)#comma# Style#quote##quote#. Please provide the required item specifics.|Brand#comma# Size Type#comma# Size (Women's)#comma# Style|53159|#quote#,,,,,,,,,,,,,,,,,,,,,,,,,,,,,,4PZ164NSAALRG,,,,,,,,,,,,VerifyAdd,53159,Jessica Simpson Ms Lace Tank Sand Large            ,,<html><body>empty</body></html>,1000,,http://images.nationalgeographic.com/wpf/media-live/photos/000/687/cache/bonobo-congo-ziegler_68751_990x742.jpg,1,Auction,0.01,,3,0,55406,Gallery,1,sales@skygroupcloseouts.com,If you need a revised invoice for combined shipping#comma# please contact us before paying so we can adjust the shipping costs.,,,,Flat,6.875,MN,1,0,55406,FedExHomeDelivery,12,1,10,1,4PZ164NSAALRG,ReturnsAccepted,MoneyBackOrExchange,Days_14,Buyer,Please contact us before returning any item. Items listed AS-IS or For Parts/Repair are not covered by our return policy.  We offer 14 days to return item after receiving it. If item is defective we will supply return shipping label. Item must be returned in original packaging with all accessories included. We also charge a 15% restocking fee for cancelled transactions that are not shipped#comma# or we let it go to eBay as an unpaid bidder case.  Do Not Bid If You Do Not Intend To Follow Through!,,,,US,0,0,0,0,0,1,100,5,2,Days_30,4,1,-1,1,,,,,
363,VerifyAdd,Failure,21916519,#quote#Error - Listing is missing required item specific(s): #quote##quote#Brand#comma# Size Type#comma# Size (Women's)#comma# Style#quote##quote#. Please provide the required item specifics.|Brand#comma# Size Type#comma# Size (Women's)#comma# Style|53159|#quote#,,,,,,,,,,,,,,,,,,,,,,,,,,,,,,4PX198VPRALRG,,,,,,,,,,,,VerifyAdd,53159,SpRottenMs  StitchedDetail Top Purple Large        ,,<html><body>empty</body></html>,1000,,http://images.nationalgeographic.com/wpf/media-live/photos/000/687/cache/bonobo-congo-ziegler_68751_990x742.jpg,1,Auction,0.01,,3,0,55406,Gallery,1,sales@skygroupcloseouts.com,If you need a revised invoice for combined shipping#comma# please contact us before paying so we can adjust the shipping costs.,,,,Flat,6.875,MN,1,0,55406,FedExHomeDelivery,12,1,10,1,4PX198VPRALRG,ReturnsAccepted,MoneyBackOrExchange,Days_14,Buyer,Please contact us before returning any item. Items listed AS-IS or For Parts/Repair are not covered by our return policy.  We offer 14 days to return item after receiving it. If item is defective we will supply return shipping label. Item must be returned in original packaging with all accessories included. We also charge a 15% restocking fee for cancelled transactions that are not shipped#comma# or we let it go to eBay as an unpaid bidder case.  Do Not Bid If You Do Not Intend To Follow Through!,,,,US,0,0,0,0,0,1,100,5,2,Days_30,4,1,-1,1,,,,,
364,VerifyAdd,Failure,21916519,#quote#Error - Listing is missing required item specific(s): #quote##quote#Brand#comma# Size Type#comma# Size (Women's)#comma# Style#quote##quote#. Please provide the required item specifics.|Brand#comma# Size Type#comma# Size (Women's)#comma# Style|53159|#quote#,,,,,,,,,,,,,,,,,,,,,,,,,,,,,,4PA687NBLBD40,,,,,,,,,,,,VerifyAdd,53159,Cortland FF Minimizer Bra Black 40 D               ,,<html><body>empty</body></html>,1000,,http://images.nationalgeographic.com/wpf/media-live/photos/000/687/cache/bonobo-congo-ziegler_68751_990x742.jpg,1,Auction,0.01,,3,0,55406,Gallery,1,sales@skygroupcloseouts.com,If you need a revised invoice for combined shipping#comma# please contact us before paying so we can adjust the shipping costs.,,,,Flat,6.875,MN,1,0,55406,FedExHomeDelivery,12,1,10,1,4PA687NBLBD40,ReturnsAccepted,MoneyBackOrExchange,Days_14,Buyer,Please contact us before returning any item. Items listed AS-IS or For Parts/Repair are not covered by our return policy.  We offer 14 days to return item after receiving it. If item is defective we will supply return shipping label. Item must be returned in original packaging with all accessories included. We also charge a 15% restocking fee for cancelled transactions that are not shipped#comma# or we let it go to eBay as an unpaid bidder case.  Do Not Bid If You Do Not Intend To Follow Through!,,,,US,0,0,0,0,0,1,100,5,2,Days_30,4,1,-1,1,,,,,
365,VerifyAdd,Failure,21916519,#quote#Error - Listing is missing required item specific(s): #quote##quote#Brand#comma# Size Type#comma# Size (Women's)#comma# Style#quote##quote#. Please provide the required item specifics.|Brand#comma# Size Type#comma# Size (Women's)#comma# Style|53159|#quote#,,,,,,,,,,,,,,,,,,,,,,,,,,,,,,4PX201RPKALRG,,,,,,,,,,,,VerifyAdd,53159,SpRotten Ms Beaded Neck Top Pink Large             ,,<html><body>empty</body></html>,1000,,http://images.nationalgeographic.com/wpf/media-live/photos/000/687/cache/bonobo-congo-ziegler_68751_990x742.jpg,1,Auction,0.01,,3,0,55406,Gallery,1,sales@skygroupcloseouts.com,If you need a revised invoice for combined shipping#comma# please contact us before paying so we can adjust the shipping costs.,,,,Flat,6.875,MN,1,0,55406,FedExHomeDelivery,12,1,10,1,4PX201RPKALRG,ReturnsAccepted,MoneyBackOrExchange,Days_14,Buyer,Please contact us before returning any item. Items listed AS-IS or For Parts/Repair are not covered by our return policy.  We offer 14 days to return item after receiving it. If item is defective we will supply return shipping label. Item must be returned in original packaging with all accessories included. We also charge a 15% restocking fee for cancelled transactions that are not shipped#comma# or we let it go to eBay as an unpaid bidder case.  Do Not Bid If You Do Not Intend To Follow Through!,,,,US,0,0,0,0,0,1,100,5,2,Days_30,4,1,-1,1,,,,,
366,VerifyAdd,Failure,21916519,#quote#Error - Listing is missing required item specific(s): #quote##quote#Brand#comma# Size Type#comma# Size (Women's)#comma# Style#quote##quote#. Please provide the required item specifics.|Brand#comma# Size Type#comma# Size (Women's)#comma# Style|53159|#quote#,,,,,,,,,,,,,,,,,,,,,,,,,,,,,,4PW697CSFA2XL,,,,,,,,,,,,VerifyAdd,53159,Apple Bottoms Wm Chain TankTop Sunset Fire 2 XL    ,,<html><body>empty</body></html>,1000,,http://images.nationalgeographic.com/wpf/media-live/photos/000/687/cache/bonobo-congo-ziegler_68751_990x742.jpg,1,Auction,0.01,,3,0,55406,Gallery,1,sales@skygroupcloseouts.com,If you need a revised invoice for combined shipping#comma# please contact us before paying so we can adjust the shipping costs.,,,,Flat,6.875,MN,1,0,55406,FedExHomeDelivery,12,1,10,1,4PW697CSFA2XL,ReturnsAccepted,MoneyBackOrExchange,Days_14,Buyer,Please contact us before returning any item. Items listed AS-IS or For Parts/Repair are not covered by our return policy.  We offer 14 days to return item after receiving it. If item is defective we will supply return shipping label. Item must be returned in original packaging with all accessories included. We also charge a 15% restocking fee for cancelled transactions that are not shipped#comma# or we let it go to eBay as an unpaid bidder case.  Do Not Bid If You Do Not Intend To Follow Through!,,,,US,0,0,0,0,0,1,100,5,2,Days_30,4,1,-1,1,,,,,
367,VerifyAdd,Failure,21916519,#quote#Error - Listing is missing required item specific(s): #quote##quote#Brand#comma# Size Type#comma# Size (Women's)#comma# Style#quote##quote#. Please provide the required item specifics.|Brand#comma# Size Type#comma# Size (Women's)#comma# Style|53159|#quote#,,,,,,,,,,,,,,,,,,,,,,,,,,,,,,4PU108NKHMP54,,,,,,,,,,,,VerifyAdd,53159,Lee BT Cargo Shorts Khaki 54                       ,,<html><body>empty</body></html>,1000,,http://images.nationalgeographic.com/wpf/media-live/photos/000/687/cache/bonobo-congo-ziegler_68751_990x742.jpg,1,Auction,0.01,,3,0,55406,Gallery,1,sales@skygroupcloseouts.com,If you need a revised invoice for combined shipping#comma# please contact us before paying so we can adjust the shipping costs.,,,,Flat,6.875,MN,1,0,55406,FedExHomeDelivery,12,1,10,1,4PU108NKHMP54,ReturnsAccepted,MoneyBackOrExchange,Days_14,Buyer,Please contact us before returning any item. Items listed AS-IS or For Parts/Repair are not covered by our return policy.  We offer 14 days to return item after receiving it. If item is defective we will supply return shipping label. Item must be returned in original packaging with all accessories included. We also charge a 15% restocking fee for cancelled transactions that are not shipped#comma# or we let it go to eBay as an unpaid bidder case.  Do Not Bid If You Do Not Intend To Follow Through!,,,,US,0,0,0,0,0,1,100,5,2,Days_30,4,1,-1,1,,,,,
368,VerifyAdd,Failure,21916519,#quote#Error - Listing is missing required item specific(s): #quote##quote#Brand#comma# Size Type#comma# Size (Women's)#comma# Style#quote##quote#. Please provide the required item specifics.|Brand#comma# Size Type#comma# Size (Women's)#comma# Style|53159|#quote#,,,,,,,,,,,,,,,,,,,,,,,,,,,,,,4PW750CSFA2XL,,,,,,,,,,,,VerifyAdd,53159,Apple Bottom Wm TankPrintDress Sunset Fire 2 XL    ,,<html><body>empty</body></html>,1000,,http://images.nationalgeographic.com/wpf/media-live/photos/000/687/cache/bonobo-congo-ziegler_68751_990x742.jpg,1,Auction,0.01,,3,0,55406,Gallery,1,sales@skygroupcloseouts.com,If you need a revised invoice for combined shipping#comma# please contact us before paying so we can adjust the shipping costs.,,,,Flat,6.875,MN,1,0,55406,FedExHomeDelivery,12,1,10,1,4PW750CSFA2XL,ReturnsAccepted,MoneyBackOrExchange,Days_14,Buyer,Please contact us before returning any item. Items listed AS-IS or For Parts/Repair are not covered by our return policy.  We offer 14 days to return item after receiving it. If item is defective we will supply return shipping label. Item must be returned in original packaging with all accessories included. We also charge a 15% restocking fee for cancelled transactions that are not shipped#comma# or we let it go to eBay as an unpaid bidder case.  Do Not Bid If You Do Not Intend To Follow Through!,,,,US,0,0,0,0,0,1,100,5,2,Days_30,4,1,-1,1,,,,,
369,VerifyAdd,Failure,21916519,#quote#Error - Listing is missing required item specific(s): #quote##quote#Brand#comma# Size Type#comma# Size (Women's)#comma# Style#quote##quote#. Please provide the required item specifics.|Brand#comma# Size Type#comma# Size (Women's)#comma# Style|53159|#quote#,,,,,,,,,,,,,,,,,,,,,,,,,,,,,,4PW394NWHALRG,,,,,,,,,,,,VerifyAdd,53159,JessSimp Misses Love You Tee White Large           ,,<html><body>empty</body></html>,1000,,http://images.nationalgeographic.com/wpf/media-live/photos/000/687/cache/bonobo-congo-ziegler_68751_990x742.jpg,1,Auction,0.01,,3,0,55406,Gallery,1,sales@skygroupcloseouts.com,If you need a revised invoice for combined shipping#comma# please contact us before paying so we can adjust the shipping costs.,,,,Flat,6.875,MN,1,0,55406,FedExHomeDelivery,12,1,10,1,4PW394NWHALRG,ReturnsAccepted,MoneyBackOrExchange,Days_14,Buyer,Please contact us before returning any item. Items listed AS-IS or For Parts/Repair are not covered by our return policy.  We offer 14 days to return item after receiving it. If item is defective we will supply return shipping label. Item must be returned in original packaging with all accessories included. We also charge a 15% restocking fee for cancelled transactions that are not shipped#comma# or we let it go to eBay as an unpaid bidder case.  Do Not Bid If You Do Not Intend To Follow Through!,,,,US,0,0,0,0,0,1,100,5,2,Days_30,4,1,-1,1,,,,,
370,VerifyAdd,Failure,21916519,#quote#Error - Listing is missing required item specific(s): #quote##quote#Brand#comma# Size Type#comma# Size (Women's)#comma# Style#quote##quote#. Please provide the required item specifics.|Brand#comma# Size Type#comma# Size (Women's)#comma# Style|53159|#quote#,,,,,,,,,,,,,,,,,,,,,,,,,,,,,,4PR859NWHM014,,,,,,,,,,,,VerifyAdd,53159,Lee Ms MarilynBeltCuffed Capri White 14            ,,<html><body>empty</body></html>,1000,,http://images.nationalgeographic.com/wpf/media-live/photos/000/687/cache/bonobo-congo-ziegler_68751_990x742.jpg,1,Auction,0.01,,3,0,55406,Gallery,1,sales@skygroupcloseouts.com,If you need a revised invoice for combined shipping#comma# please contact us before paying so we can adjust the shipping costs.,,,,Flat,6.875,MN,1,0,55406,FedExHomeDelivery,12,1,10,1,4PR859NWHM014,ReturnsAccepted,MoneyBackOrExchange,Days_14,Buyer,Please contact us before returning any item. Items listed AS-IS or For Parts/Repair are not covered by our return policy.  We offer 14 days to return item after receiving it. If item is defective we will supply return shipping label. Item must be returned in original packaging with all accessories included. We also charge a 15% restocking fee for cancelled transactions that are not shipped#comma# or we let it go to eBay as an unpaid bidder case.  Do Not Bid If You Do Not Intend To Follow Through!,,,,US,0,0,0,0,0,1,100,5,2,Days_30,4,1,-1,1,,,,,
371,VerifyAdd,Failure,21916519,#quote#Error - Listing is missing required item specific(s): #quote##quote#Brand#comma# Size Type#comma# Size (Women's)#comma# Style#quote##quote#. Please provide the required item specifics.|Brand#comma# Size Type#comma# Size (Women's)#comma# Style|53159|#quote#,,,,,,,,,,,,,,,,,,,,,,,,,,,,,,4PW432WBUALRG,,,,,,,,,,,,VerifyAdd,53159,Apple Bot Ms Back Detailed Tee Blue Large          ,,<html><body>empty</body></html>,1000,,http://images.nationalgeographic.com/wpf/media-live/photos/000/687/cache/bonobo-congo-ziegler_68751_990x742.jpg,1,Auction,0.01,,3,0,55406,Gallery,1,sales@skygroupcloseouts.com,If you need a revised invoice for combined shipping#comma# please contact us before paying so we can adjust the shipping costs.,,,,Flat,6.875,MN,1,0,55406,FedExHomeDelivery,12,1,10,1,4PW432WBUALRG,ReturnsAccepted,MoneyBackOrExchange,Days_14,Buyer,Please contact us before returning any item. Items listed AS-IS or For Parts/Repair are not covered by our return policy.  We offer 14 days to return item after receiving it. If item is defective we will supply return shipping label. Item must be returned in original packaging with all accessories included. We also charge a 15% restocking fee for cancelled transactions that are not shipped#comma# or we let it go to eBay as an unpaid bidder case.  Do Not Bid If You Do Not Intend To Follow Through!,,,,US,0,0,0,0,0,1,100,5,2,Days_30,4,1,-1,1,,,,,
372,VerifyAdd,Failure,21916519,#quote#Error - Listing is missing required item specific(s): #quote##quote#Brand#comma# Size Type#comma# Size (Women's)#comma# Style#quote##quote#. Please provide the required item specifics.|Brand#comma# Size Type#comma# Size (Women's)#comma# Style|53159|#quote#,,,,,,,,,,,,,,,,,,,,,,,,,,,,,,4PS700000A1XL,,,,,,,,,,,,VerifyAdd,53159,CompanyB Wm Kimono TieFrontJkt 1X                  ,,<html><body>empty</body></html>,1000,,http://images.nationalgeographic.com/wpf/media-live/photos/000/687/cache/bonobo-congo-ziegler_68751_990x742.jpg,1,Auction,0.01,,3,0,55406,Gallery,1,sales@skygroupcloseouts.com,If you need a revised invoice for combined shipping#comma# please contact us before paying so we can adjust the shipping costs.,,,,Flat,6.875,MN,1,0,55406,FedExHomeDelivery,12,1,10,1,4PS700000A1XL,ReturnsAccepted,MoneyBackOrExchange,Days_14,Buyer,Please contact us before returning any item. Items listed AS-IS or For Parts/Repair are not covered by our return policy.  We offer 14 days to return item after receiving it. If item is defective we will supply return shipping label. Item must be returned in original packaging with all accessories included. We also charge a 15% restocking fee for cancelled transactions that are not shipped#comma# or we let it go to eBay as an unpaid bidder case.  Do Not Bid If You Do Not Intend To Follow Through!,,,,US,0,0,0,0,0,1,100,5,2,Days_30,4,1,-1,1,,,,,
373,VerifyAdd,Failure,21916519,#quote#Error - Listing is missing required item specific(s): #quote##quote#Brand#comma# Size Type#comma# Size (Women's)#comma# Style#quote##quote#. Please provide the required item specifics.|Brand#comma# Size Type#comma# Size (Women's)#comma# Style|53159|#quote#,,,,,,,,,,,,,,,,,,,,,,,,,,,,,,4PX201GRNAXLG,,,,,,,,,,,,VerifyAdd,53159,SpRotten Ms Beaded Neck Top Green X Large          ,,<html><body>empty</body></html>,1000,,http://images.nationalgeographic.com/wpf/media-live/photos/000/687/cache/bonobo-congo-ziegler_68751_990x742.jpg,1,Auction,0.01,,3,0,55406,Gallery,1,sales@skygroupcloseouts.com,If you need a revised invoice for combined shipping#comma# please contact us before paying so we can adjust the shipping costs.,,,,Flat,6.875,MN,1,0,55406,FedExHomeDelivery,12,1,10,1,4PX201GRNAXLG,ReturnsAccepted,MoneyBackOrExchange,Days_14,Buyer,Please contact us before returning any item. Items listed AS-IS or For Parts/Repair are not covered by our return policy.  We offer 14 days to return item after receiving it. If item is defective we will supply return shipping label. Item must be returned in original packaging with all accessories included. We also charge a 15% restocking fee for cancelled transactions that are not shipped#comma# or we let it go to eBay as an unpaid bidder case.  Do Not Bid If You Do Not Intend To Follow Through!,,,,US,0,0,0,0,0,1,100,5,2,Days_30,4,1,-1,1,,,,,
374,VerifyAdd,Failure,21916519,#quote#Error - Listing is missing required item specific(s): #quote##quote#Brand#comma# Size Type#comma# Size (Women's)#comma# Style#quote##quote#. Please provide the required item specifics.|Brand#comma# Size Type#comma# Size (Women's)#comma# Style|53159|#quote#,,,,,,,,,,,,,,,,,,,,,,,,,,,,,,4J3204NSB0010,,,,,,,,,,,,VerifyAdd,53159,Classic Soft Suede 18#quote# Pillow-Sable                ,,<html><body>empty</body></html>,1000,,http://images.nationalgeographic.com/wpf/media-live/photos/000/687/cache/bonobo-congo-ziegler_68751_990x742.jpg,1,Auction,0.01,,3,0,55406,Gallery,1,sales@skygroupcloseouts.com,If you need a revised invoice for combined shipping#comma# please contact us before paying so we can adjust the shipping costs.,,,,Flat,6.875,MN,1,0,55406,FedExHomeDelivery,12,1,10,1,4J3204NSB0010,ReturnsAccepted,MoneyBackOrExchange,Days_14,Buyer,Please contact us before returning any item. Items listed AS-IS or For Parts/Repair are not covered by our return policy.  We offer 14 days to return item after receiving it. If item is defective we will supply return shipping label. Item must be returned in original packaging with all accessories included. We also charge a 15% restocking fee for cancelled transactions that are not shipped#comma# or we let it go to eBay as an unpaid bidder case.  Do Not Bid If You Do Not Intend To Follow Through!,,,,US,0,0,0,0,0,1,100,5,2,Days_30,4,1,-1,1,,,,,
375,VerifyAdd,Failure,21916519,#quote#Error - Listing is missing required item specific(s): #quote##quote#Brand#comma# Size Type#comma# Size (Women's)#comma# Style#quote##quote#. Please provide the required item specifics.|Brand#comma# Size Type#comma# Size (Women's)#comma# Style|53159|#quote#,,,,,,,,,,,,,,,,,,,,,,,,,,,,,,4PS652000ALRG,,,,,,,,,,,,VerifyAdd,53159,Fig&Flower MsTyeDyeHigh/LowTop Large               ,,<html><body>empty</body></html>,1000,,http://images.nationalgeographic.com/wpf/media-live/photos/000/687/cache/bonobo-congo-ziegler_68751_990x742.jpg,1,Auction,0.01,,3,0,55406,Gallery,1,sales@skygroupcloseouts.com,If you need a revised invoice for combined shipping#comma# please contact us before paying so we can adjust the shipping costs.,,,,Flat,6.875,MN,1,0,55406,FedExHomeDelivery,12,1,10,1,4PS652000ALRG,ReturnsAccepted,MoneyBackOrExchange,Days_14,Buyer,Please contact us before returning any item. Items listed AS-IS or For Parts/Repair are not covered by our return policy.  We offer 14 days to return item after receiving it. If item is defective we will supply return shipping label. Item must be returned in original packaging with all accessories included. We also charge a 15% restocking fee for cancelled transactions that are not shipped#comma# or we let it go to eBay as an unpaid bidder case.  Do Not Bid If You Do Not Intend To Follow Through!,,,,US,0,0,0,0,0,1,100,5,2,Days_30,4,1,-1,1,,,,,
376,VerifyAdd,Failure,21916519,#quote#Error - Listing is missing required item specific(s): #quote##quote#Brand#comma# Size Type#comma# Size (Women's)#comma# Style#quote##quote#. Please provide the required item specifics.|Brand#comma# Size Type#comma# Size (Women's)#comma# Style|53159|#quote#,,,,,,,,,,,,,,,,,,,,,,,,,,,,,,4PX201GRNALRG,,,,,,,,,,,,VerifyAdd,53159,SpRotten Ms Beaded Neck Top Green Large            ,,<html><body>empty</body></html>,1000,,http://images.nationalgeographic.com/wpf/media-live/photos/000/687/cache/bonobo-congo-ziegler_68751_990x742.jpg,1,Auction,0.01,,3,0,55406,Gallery,1,sales@skygroupcloseouts.com,If you need a revised invoice for combined shipping#comma# please contact us before paying so we can adjust the shipping costs.,,,,Flat,6.875,MN,1,0,55406,FedExHomeDelivery,12,1,10,1,4PX201GRNALRG,ReturnsAccepted,MoneyBackOrExchange,Days_14,Buyer,Please contact us before returning any item. Items listed AS-IS or For Parts/Repair are not covered by our return policy.  We offer 14 days to return item after receiving it. If item is defective we will supply return shipping label. Item must be returned in original packaging with all accessories included. We also charge a 15% restocking fee for cancelled transactions that are not shipped#comma# or we let it go to eBay as an unpaid bidder case.  Do Not Bid If You Do Not Intend To Follow Through!,,,,US,0,0,0,0,0,1,100,5,2,Days_30,4,1,-1,1,,,,,
377,VerifyAdd,Failure,21916519,#quote#Error - Listing is missing required item specific(s): #quote##quote#Brand#comma# Size Type#comma# Size (Women's)#comma# Style#quote##quote#. Please provide the required item specifics.|Brand#comma# Size Type#comma# Size (Women's)#comma# Style|53159|#quote#,,,,,,,,,,,,,,,,,,,,,,,,,,,,,,4PS653000A2XL,,,,,,,,,,,,VerifyAdd,53159,Fig&Flower WmTyeDyeHigh/LowTop 2 XL                ,,<html><body>empty</body></html>,1000,,http://images.nationalgeographic.com/wpf/media-live/photos/000/687/cache/bonobo-congo-ziegler_68751_990x742.jpg,1,Auction,0.01,,3,0,55406,Gallery,1,sales@skygroupcloseouts.com,If you need a revised invoice for combined shipping#comma# please contact us before paying so we can adjust the shipping costs.,,,,Flat,6.875,MN,1,0,55406,FedExHomeDelivery,12,1,10,1,4PS653000A2XL,ReturnsAccepted,MoneyBackOrExchange,Days_14,Buyer,Please contact us before returning any item. Items listed AS-IS or For Parts/Repair are not covered by our return policy.  We offer 14 days to return item after receiving it. If item is defective we will supply return shipping label. Item must be returned in original packaging with all accessories included. We also charge a 15% restocking fee for cancelled transactions that are not shipped#comma# or we let it go to eBay as an unpaid bidder case.  Do Not Bid If You Do Not Intend To Follow Through!,,,,US,0,0,0,0,0,1,100,5,2,Days_30,4,1,-1,1,,,,,
378,VerifyAdd,Failure,21916519,#quote#Error - Listing is missing required item specific(s): #quote##quote#Brand#comma# Size Type#comma# Size (Women's)#comma# Style#quote##quote#. Please provide the required item specifics.|Brand#comma# Size Type#comma# Size (Women's)#comma# Style|53159|#quote#,,,,,,,,,,,,,,,,,,,,,,,,,,,,,,4PW594OPCAMED,,,,,,,,,,,,VerifyAdd,53159,JessSimp Ms Pleated SlvlessTop Peach Medium        ,,<html><body>empty</body></html>,1000,,http://images.nationalgeographic.com/wpf/media-live/photos/000/687/cache/bonobo-congo-ziegler_68751_990x742.jpg,1,Auction,0.01,,3,0,55406,Gallery,1,sales@skygroupcloseouts.com,If you need a revised invoice for combined shipping#comma# please contact us before paying so we can adjust the shipping costs.,,,,Flat,6.875,MN,1,0,55406,FedExHomeDelivery,12,1,10,1,4PW594OPCAMED,ReturnsAccepted,MoneyBackOrExchange,Days_14,Buyer,Please contact us before returning any item. Items listed AS-IS or For Parts/Repair are not covered by our return policy.  We offer 14 days to return item after receiving it. If item is defective we will supply return shipping label. Item must be returned in original packaging with all accessories included. We also charge a 15% restocking fee for cancelled transactions that are not shipped#comma# or we let it go to eBay as an unpaid bidder case.  Do Not Bid If You Do Not Intend To Follow Through!,,,,US,0,0,0,0,0,1,100,5,2,Days_30,4,1,-1,1,,,,,
379,VerifyAdd,Failure,21916519,#quote#Error - Listing is missing required item specific(s): #quote##quote#Brand#comma# Size Type#comma# Size (Women's)#comma# Style#quote##quote#. Please provide the required item specifics.|Brand#comma# Size Type#comma# Size (Women's)#comma# Style|53159|#quote#,,,,,,,,,,,,,,,,,,,,,,,,,,,,,,4PX204APIA3XL,,,,,,,,,,,,VerifyAdd,53159,SpRotten Wm Zebra Print Top Pink/White 3 XL        ,,<html><body>empty</body></html>,1000,,http://images.nationalgeographic.com/wpf/media-live/photos/000/687/cache/bonobo-congo-ziegler_68751_990x742.jpg,1,Auction,0.01,,3,0,55406,Gallery,1,sales@skygroupcloseouts.com,If you need a revised invoice for combined shipping#comma# please contact us before paying so we can adjust the shipping costs.,,,,Flat,6.875,MN,1,0,55406,FedExHomeDelivery,12,1,10,1,4PX204APIA3XL,ReturnsAccepted,MoneyBackOrExchange,Days_14,Buyer,Please contact us before returning any item. Items listed AS-IS or For Parts/Repair are not covered by our return policy.  We offer 14 days to return item after receiving it. If item is defective we will supply return shipping label. Item must be returned in original packaging with all accessories included. We also charge a 15% restocking fee for cancelled transactions that are not shipped#comma# or we let it go to eBay as an unpaid bidder case.  Do Not Bid If You Do Not Intend To Follow Through!,,,,US,0,0,0,0,0,1,100,5,2,Days_30,4,1,-1,1,,,,,
380,VerifyAdd,Failure,21916519,#quote#Error - Listing is missing required item specific(s): #quote##quote#Brand#comma# Size Type#comma# Size (Women's)#comma# Style#quote##quote#. Please provide the required item specifics.|Brand#comma# Size Type#comma# Size (Women's)#comma# Style|53159|#quote#,,,,,,,,,,,,,,,,,,,,,,,,,,,,,,4PQ5490000010,,,,,,,,,,,,VerifyAdd,53159,Clayton 16pc Bed Set                               ,,<html><body>empty</body></html>,1000,,http://images.nationalgeographic.com/wpf/media-live/photos/000/687/cache/bonobo-congo-ziegler_68751_990x742.jpg,1,Auction,0.01,,3,0,55406,Gallery,1,sales@skygroupcloseouts.com,If you need a revised invoice for combined shipping#comma# please contact us before paying so we can adjust the shipping costs.,,,,Flat,6.875,MN,1,0,55406,FedExHomeDelivery,12,1,10,1,4PQ5490000010,ReturnsAccepted,MoneyBackOrExchange,Days_14,Buyer,Please contact us before returning any item. Items listed AS-IS or For Parts/Repair are not covered by our return policy.  We offer 14 days to return item after receiving it. If item is defective we will supply return shipping label. Item must be returned in original packaging with all accessories included. We also charge a 15% restocking fee for cancelled transactions that are not shipped#comma# or we let it go to eBay as an unpaid bidder case.  Do Not Bid If You Do Not Intend To Follow Through!,,,,US,0,0,0,0,0,1,100,5,2,Days_30,4,1,-1,1,,,,,
381,VerifyAdd,Failure,21916519,#quote#Error - Listing is missing required item specific(s): #quote##quote#Brand#comma# Size Type#comma# Size (Women's)#comma# Style#quote##quote#. Please provide the required item specifics.|Brand#comma# Size Type#comma# Size (Women's)#comma# Style|53159|#quote#,,,,,,,,,,,,,,,,,,,,,,,,,,,,,,4P10320000010,,,,,,,,,,,,VerifyAdd,53159,Cloud King Sheet Set                               ,,<html><body>empty</body></html>,1000,,http://images.nationalgeographic.com/wpf/media-live/photos/000/687/cache/bonobo-congo-ziegler_68751_990x742.jpg,1,Auction,0.01,,3,0,55406,Gallery,1,sales@skygroupcloseouts.com,If you need a revised invoice for combined shipping#comma# please contact us before paying so we can adjust the shipping costs.,,,,Flat,6.875,MN,1,0,55406,FedExHomeDelivery,12,1,10,1,4P10320000010,ReturnsAccepted,MoneyBackOrExchange,Days_14,Buyer,Please contact us before returning any item. Items listed AS-IS or For Parts/Repair are not covered by our return policy.  We offer 14 days to return item after receiving it. If item is defective we will supply return shipping label. Item must be returned in original packaging with all accessories included. We also charge a 15% restocking fee for cancelled transactions that are not shipped#comma# or we let it go to eBay as an unpaid bidder case.  Do Not Bid If You Do Not Intend To Follow Through!,,,,US,0,0,0,0,0,1,100,5,2,Days_30,4,1,-1,1,,,,,
382,VerifyAdd,Failure,21916519,#quote#Error - Listing is missing required item specific(s): #quote##quote#Brand#comma# Size Type#comma# Size (Women's)#comma# Style#quote##quote#. Please provide the required item specifics.|Brand#comma# Size Type#comma# Size (Women's)#comma# Style|53159|#quote#,,,,,,,,,,,,,,,,,,,,,,,,,,,,,,4PZ164NSAAMED,,,,,,,,,,,,VerifyAdd,53159,Jessica Simpson Ms Lace Tank Sand Medium           ,,<html><body>empty</body></html>,1000,,http://images.nationalgeographic.com/wpf/media-live/photos/000/687/cache/bonobo-congo-ziegler_68751_990x742.jpg,1,Auction,0.01,,3,0,55406,Gallery,1,sales@skygroupcloseouts.com,If you need a revised invoice for combined shipping#comma# please contact us before paying so we can adjust the shipping costs.,,,,Flat,6.875,MN,1,0,55406,FedExHomeDelivery,12,1,10,1,4PZ164NSAAMED,ReturnsAccepted,MoneyBackOrExchange,Days_14,Buyer,Please contact us before returning any item. Items listed AS-IS or For Parts/Repair are not covered by our return policy.  We offer 14 days to return item after receiving it. If item is defective we will supply return shipping label. Item must be returned in original packaging with all accessories included. We also charge a 15% restocking fee for cancelled transactions that are not shipped#comma# or we let it go to eBay as an unpaid bidder case.  Do Not Bid If You Do Not Intend To Follow Through!,,,,US,0,0,0,0,0,1,100,5,2,Days_30,4,1,-1,1,,,,,
383,VerifyAdd,Failure,21916519,#quote#Error - Listing is missing required item specific(s): #quote##quote#Brand#comma# Size Type#comma# Size (Women's)#comma# Style#quote##quote#. Please provide the required item specifics.|Brand#comma# Size Type#comma# Size (Women's)#comma# Style|53159|#quote#,,,,,,,,,,,,,,,,,,,,,,,,,,,,,,4PW749000A1XL,,,,,,,,,,,,VerifyAdd,53159,Apple Bottoms Wm Logo Tee  1X                      ,,<html><body>empty</body></html>,1000,,http://images.nationalgeographic.com/wpf/media-live/photos/000/687/cache/bonobo-congo-ziegler_68751_990x742.jpg,1,Auction,0.01,,3,0,55406,Gallery,1,sales@skygroupcloseouts.com,If you need a revised invoice for combined shipping#comma# please contact us before paying so we can adjust the shipping costs.,,,,Flat,6.875,MN,1,0,55406,FedExHomeDelivery,12,1,10,1,4PW749000A1XL,ReturnsAccepted,MoneyBackOrExchange,Days_14,Buyer,Please contact us before returning any item. Items listed AS-IS or For Parts/Repair are not covered by our return policy.  We offer 14 days to return item after receiving it. If item is defective we will supply return shipping label. Item must be returned in original packaging with all accessories included. We also charge a 15% restocking fee for cancelled transactions that are not shipped#comma# or we let it go to eBay as an unpaid bidder case.  Do Not Bid If You Do Not Intend To Follow Through!,,,,US,0,0,0,0,0,1,100,5,2,Days_30,4,1,-1,1,,,,,
384,VerifyAdd,Failure,21916519,#quote#Error - Listing is missing required item specific(s): #quote##quote#Brand#comma# Size Type#comma# Size (Women's)#comma# Style#quote##quote#. Please provide the required item specifics.|Brand#comma# Size Type#comma# Size (Women's)#comma# Style|53159|#quote#,,,,,,,,,,,,,,,,,,,,,,,,,,,,,,4PX199GTLAXLG,,,,,,,,,,,,VerifyAdd,53159,SpRotten Ms Embroidered Tank Teal X Large          ,,<html><body>empty</body></html>,1000,,http://images.nationalgeographic.com/wpf/media-live/photos/000/687/cache/bonobo-congo-ziegler_68751_990x742.jpg,1,Auction,0.01,,3,0,55406,Gallery,1,sales@skygroupcloseouts.com,If you need a revised invoice for combined shipping#comma# please contact us before paying so we can adjust the shipping costs.,,,,Flat,6.875,MN,1,0,55406,FedExHomeDelivery,12,1,10,1,4PX199GTLAXLG,ReturnsAccepted,MoneyBackOrExchange,Days_14,Buyer,Please contact us before returning any item. Items listed AS-IS or For Parts/Repair are not covered by our return policy.  We offer 14 days to return item after receiving it. If item is defective we will supply return shipping label. Item must be returned in original packaging with all accessories included. We also charge a 15% restocking fee for cancelled transactions that are not shipped#comma# or we let it go to eBay as an unpaid bidder case.  Do Not Bid If You Do Not Intend To Follow Through!,,,,US,0,0,0,0,0,1,100,5,2,Days_30,4,1,-1,1,,,,,
385,VerifyAdd,Failure,21916519,#quote#Error - Listing is missing required item specific(s): #quote##quote#Brand#comma# Size Type#comma# Size (Women's)#comma# Style#quote##quote#. Please provide the required item specifics.|Brand#comma# Size Type#comma# Size (Women's)#comma# Style|53159|#quote#,,,,,,,,,,,,,,,,,,,,,,,,,,,,,,4PS700000A2XL,,,,,,,,,,,,VerifyAdd,53159,CompanyB Wm Kimono TieFrontJkt 2 XL                ,,<html><body>empty</body></html>,1000,,http://images.nationalgeographic.com/wpf/media-live/photos/000/687/cache/bonobo-congo-ziegler_68751_990x742.jpg,1,Auction,0.01,,3,0,55406,Gallery,1,sales@skygroupcloseouts.com,If you need a revised invoice for combined shipping#comma# please contact us before paying so we can adjust the shipping costs.,,,,Flat,6.875,MN,1,0,55406,FedExHomeDelivery,12,1,10,1,4PS700000A2XL,ReturnsAccepted,MoneyBackOrExchange,Days_14,Buyer,Please contact us before returning any item. Items listed AS-IS or For Parts/Repair are not covered by our return policy.  We offer 14 days to return item after receiving it. If item is defective we will supply return shipping label. Item must be returned in original packaging with all accessories included. We also charge a 15% restocking fee for cancelled transactions that are not shipped#comma# or we let it go to eBay as an unpaid bidder case.  Do Not Bid If You Do Not Intend To Follow Through!,,,,US,0,0,0,0,0,1,100,5,2,Days_30,4,1,-1,1,,,,,
386,VerifyAdd,Failure,21916519,#quote#Error - Listing is missing required item specific(s): #quote##quote#Brand#comma# Size Type#comma# Size (Women's)#comma# Style#quote##quote#. Please provide the required item specifics.|Brand#comma# Size Type#comma# Size (Women's)#comma# Style|53159|#quote#,,,,,,,,,,,,,,,,,,,,,,,,,,,,,,4PZ023REDW016,,,,,,,,,,,,VerifyAdd,53159,LondonTimesWmRedKeyholeMaxi Red 16W                ,,<html><body>empty</body></html>,1000,,http://images.nationalgeographic.com/wpf/media-live/photos/000/687/cache/bonobo-congo-ziegler_68751_990x742.jpg,1,Auction,0.01,,3,0,55406,Gallery,1,sales@skygroupcloseouts.com,If you need a revised invoice for combined shipping#comma# please contact us before paying so we can adjust the shipping costs.,,,,Flat,6.875,MN,1,0,55406,FedExHomeDelivery,12,1,10,1,4PZ023REDW016,ReturnsAccepted,MoneyBackOrExchange,Days_14,Buyer,Please contact us before returning any item. Items listed AS-IS or For Parts/Repair are not covered by our return policy.  We offer 14 days to return item after receiving it. If item is defective we will supply return shipping label. Item must be returned in original packaging with all accessories included. We also charge a 15% restocking fee for cancelled transactions that are not shipped#comma# or we let it go to eBay as an unpaid bidder case.  Do Not Bid If You Do Not Intend To Follow Through!,,,,US,0,0,0,0,0,1,100,5,2,Days_30,4,1,-1,1,,,,,
387,VerifyAdd,Failure,21916519,#quote#Error - Listing is missing required item specific(s): #quote##quote#Brand#comma# Size Type#comma# Size (Women's)#comma# Style#quote##quote#. Please provide the required item specifics.|Brand#comma# Size Type#comma# Size (Women's)#comma# Style|53159|#quote#,,,,,,,,,,,,,,,,,,,,,,,,,,,,,,4QE867NGRALRG,,,,,,,,,,,,VerifyAdd,53159,Lea Apparel Ms Sweater Coat Gray Large             ,,<html><body>empty</body></html>,1000,,http://images.nationalgeographic.com/wpf/media-live/photos/000/687/cache/bonobo-congo-ziegler_68751_990x742.jpg,1,Auction,0.01,,3,0,55406,Gallery,1,sales@skygroupcloseouts.com,If you need a revised invoice for combined shipping#comma# please contact us before paying so we can adjust the shipping costs.,,,,Flat,6.875,MN,1,0,55406,FedExHomeDelivery,12,1,10,1,4QE867NGRALRG,ReturnsAccepted,MoneyBackOrExchange,Days_14,Buyer,Please contact us before returning any item. Items listed AS-IS or For Parts/Repair are not covered by our return policy.  We offer 14 days to return item after receiving it. If item is defective we will supply return shipping label. Item must be returned in original packaging with all accessories included. We also charge a 15% restocking fee for cancelled transactions that are not shipped#comma# or we let it go to eBay as an unpaid bidder case.  Do Not Bid If You Do Not Intend To Follow Through!,,,,US,0,0,0,0,0,1,100,5,2,Days_30,4,1,-1,1,,,,,
388,VerifyAdd,Failure,21916519,#quote#Error - Listing is missing required item specific(s): #quote##quote#Brand#comma# Size Type#comma# Size (Women's)#comma# Style#quote##quote#. Please provide the required item specifics.|Brand#comma# Size Type#comma# Size (Women's)#comma# Style|53159|#quote#,,,,,,,,,,,,,,,,,,,,,,,,,,,,,,4PW432WBUAMED,,,,,,,,,,,,VerifyAdd,53159,Apple Bot Ms Back Detailed Tee Blue Medium         ,,<html><body>empty</body></html>,1000,,http://images.nationalgeographic.com/wpf/media-live/photos/000/687/cache/bonobo-congo-ziegler_68751_990x742.jpg,1,Auction,0.01,,3,0,55406,Gallery,1,sales@skygroupcloseouts.com,If you need a revised invoice for combined shipping#comma# please contact us before paying so we can adjust the shipping costs.,,,,Flat,6.875,MN,1,0,55406,FedExHomeDelivery,12,1,10,1,4PW432WBUAMED,ReturnsAccepted,MoneyBackOrExchange,Days_14,Buyer,Please contact us before returning any item. Items listed AS-IS or For Parts/Repair are not covered by our return policy.  We offer 14 days to return item after receiving it. If item is defective we will supply return shipping label. Item must be returned in original packaging with all accessories included. We also charge a 15% restocking fee for cancelled transactions that are not shipped#comma# or we let it go to eBay as an unpaid bidder case.  Do Not Bid If You Do Not Intend To Follow Through!,,,,US,0,0,0,0,0,1,100,5,2,Days_30,4,1,-1,1,,,,,
389,VerifyAdd,Failure,21916519,#quote#Error - Listing is missing required item specific(s): #quote##quote#Brand#comma# Size Type#comma# Size (Women's)#comma# Style#quote##quote#. Please provide the required item specifics.|Brand#comma# Size Type#comma# Size (Women's)#comma# Style|53159|#quote#,,,,,,,,,,,,,,,,,,,,,,,,,,,,,,4PX227WUWAXLG,,,,,,,,,,,,VerifyAdd,53159,SpRotten Ms Striped Top Purple/White X Large       ,,<html><body>empty</body></html>,1000,,http://images.nationalgeographic.com/wpf/media-live/photos/000/687/cache/bonobo-congo-ziegler_68751_990x742.jpg,1,Auction,0.01,,3,0,55406,Gallery,1,sales@skygroupcloseouts.com,If you need a revised invoice for combined shipping#comma# please contact us before paying so we can adjust the shipping costs.,,,,Flat,6.875,MN,1,0,55406,FedExHomeDelivery,12,1,10,1,4PX227WUWAXLG,ReturnsAccepted,MoneyBackOrExchange,Days_14,Buyer,Please contact us before returning any item. Items listed AS-IS or For Parts/Repair are not covered by our return policy.  We offer 14 days to return item after receiving it. If item is defective we will supply return shipping label. Item must be returned in original packaging with all accessories included. We also charge a 15% restocking fee for cancelled transactions that are not shipped#comma# or we let it go to eBay as an unpaid bidder case.  Do Not Bid If You Do Not Intend To Follow Through!,,,,US,0,0,0,0,0,1,100,5,2,Days_30,4,1,-1,1,,,,,
390,VerifyAdd,Failure,21916519,#quote#Error - Listing is missing required item specific(s): #quote##quote#Brand#comma# Size Type#comma# Size (Women's)#comma# Style#quote##quote#. Please provide the required item specifics.|Brand#comma# Size Type#comma# Size (Women's)#comma# Style|53159|#quote#,,,,,,,,,,,,,,,,,,,,,,,,,,,,,,4PS783VPRA2XL,,,,,,,,,,,,VerifyAdd,53159,Company B Wm Tye Dye Jacket Purple 2 XL            ,,<html><body>empty</body></html>,1000,,http://images.nationalgeographic.com/wpf/media-live/photos/000/687/cache/bonobo-congo-ziegler_68751_990x742.jpg,1,Auction,0.01,,3,0,55406,Gallery,1,sales@skygroupcloseouts.com,If you need a revised invoice for combined shipping#comma# please contact us before paying so we can adjust the shipping costs.,,,,Flat,6.875,MN,1,0,55406,FedExHomeDelivery,12,1,10,1,4PS783VPRA2XL,ReturnsAccepted,MoneyBackOrExchange,Days_14,Buyer,Please contact us before returning any item. Items listed AS-IS or For Parts/Repair are not covered by our return policy.  We offer 14 days to return item after receiving it. If item is defective we will supply return shipping label. Item must be returned in original packaging with all accessories included. We also charge a 15% restocking fee for cancelled transactions that are not shipped#comma# or we let it go to eBay as an unpaid bidder case.  Do Not Bid If You Do Not Intend To Follow Through!,,,,US,0,0,0,0,0,1,100,5,2,Days_30,4,1,-1,1,,,,,
391,VerifyAdd,Failure,21916519,#quote#Error - Listing is missing required item specific(s): #quote##quote#Brand#comma# Size Type#comma# Size (Women's)#comma# Style#quote##quote#. Please provide the required item specifics.|Brand#comma# Size Type#comma# Size (Women's)#comma# Style|53159|#quote#,,,,,,,,,,,,,,,,,,,,,,,,,,,,,,4PS652000AXLG,,,,,,,,,,,,VerifyAdd,53159,Fig&Flower MsTyeDyeHigh/LowTop X Large             ,,<html><body>empty</body></html>,1000,,http://images.nationalgeographic.com/wpf/media-live/photos/000/687/cache/bonobo-congo-ziegler_68751_990x742.jpg,1,Auction,0.01,,3,0,55406,Gallery,1,sales@skygroupcloseouts.com,If you need a revised invoice for combined shipping#comma# please contact us before paying so we can adjust the shipping costs.,,,,Flat,6.875,MN,1,0,55406,FedExHomeDelivery,12,1,10,1,4PS652000AXLG,ReturnsAccepted,MoneyBackOrExchange,Days_14,Buyer,Please contact us before returning any item. Items listed AS-IS or For Parts/Repair are not covered by our return policy.  We offer 14 days to return item after receiving it. If item is defective we will supply return shipping label. Item must be returned in original packaging with all accessories included. We also charge a 15% restocking fee for cancelled transactions that are not shipped#comma# or we let it go to eBay as an unpaid bidder case.  Do Not Bid If You Do Not Intend To Follow Through!,,,,US,0,0,0,0,0,1,100,5,2,Days_30,4,1,-1,1,,,,,
392,VerifyAdd,Failure,21916519,#quote#Error - Listing is missing required item specific(s): #quote##quote#Brand#comma# Size Type#comma# Size (Women's)#comma# Style#quote##quote#. Please provide the required item specifics.|Brand#comma# Size Type#comma# Size (Women's)#comma# Style|53159|#quote#,,,,,,,,,,,,,,,,,,,,,,,,,,,,,,4PX202000AXLG,,,,,,,,,,,,VerifyAdd,53159,SpRotten Ms Flower Print Top X Large               ,,<html><body>empty</body></html>,1000,,http://images.nationalgeographic.com/wpf/media-live/photos/000/687/cache/bonobo-congo-ziegler_68751_990x742.jpg,1,Auction,0.01,,3,0,55406,Gallery,1,sales@skygroupcloseouts.com,If you need a revised invoice for combined shipping#comma# please contact us before paying so we can adjust the shipping costs.,,,,Flat,6.875,MN,1,0,55406,FedExHomeDelivery,12,1,10,1,4PX202000AXLG,ReturnsAccepted,MoneyBackOrExchange,Days_14,Buyer,Please contact us before returning any item. Items listed AS-IS or For Parts/Repair are not covered by our return policy.  We offer 14 days to return item after receiving it. If item is defective we will supply return shipping label. Item must be returned in original packaging with all accessories included. We also charge a 15% restocking fee for cancelled transactions that are not shipped#comma# or we let it go to eBay as an unpaid bidder case.  Do Not Bid If You Do Not Intend To Follow Through!,,,,US,0,0,0,0,0,1,100,5,2,Days_30,4,1,-1,1,,,,,
393,VerifyAdd,Failure,21916519,#quote#Error - Listing is missing required item specific(s): #quote##quote#Brand#comma# Size Type#comma# Size (Women's)#comma# Style#quote##quote#. Please provide the required item specifics.|Brand#comma# Size Type#comma# Size (Women's)#comma# Style|53159|#quote#,,,,,,,,,,,,,,,,,,,,,,,,,,,,,,4PZ853GRNA2XL,,,,,,,,,,,,VerifyAdd,53159,Company B Wm Tye Dye Top Green 2 XL                ,,<html><body>empty</body></html>,1000,,http://images.nationalgeographic.com/wpf/media-live/photos/000/687/cache/bonobo-congo-ziegler_68751_990x742.jpg,1,Auction,0.01,,3,0,55406,Gallery,1,sales@skygroupcloseouts.com,If you need a revised invoice for combined shipping#comma# please contact us before paying so we can adjust the shipping costs.,,,,Flat,6.875,MN,1,0,55406,FedExHomeDelivery,12,1,10,1,4PZ853GRNA2XL,ReturnsAccepted,MoneyBackOrExchange,Days_14,Buyer,Please contact us before returning any item. Items listed AS-IS or For Parts/Repair are not covered by our return policy.  We offer 14 days to return item after receiving it. If item is defective we will supply return shipping label. Item must be returned in original packaging with all accessories included. We also charge a 15% restocking fee for cancelled transactions that are not shipped#comma# or we let it go to eBay as an unpaid bidder case.  Do Not Bid If You Do Not Intend To Follow Through!,,,,US,0,0,0,0,0,1,100,5,2,Days_30,4,1,-1,1,,,,,
394,VerifyAdd,Failure,21916519,#quote#Error - Listing is missing required item specific(s): #quote##quote#Brand#comma# Size Type#comma# Size (Women's)#comma# Style#quote##quote#. Please provide the required item specifics.|Brand#comma# Size Type#comma# Size (Women's)#comma# Style|53159|#quote#,,,,,,,,,,,,,,,,,,,,,,,,,,,,,,4PW402NHGA2XL,,,,,,,,,,,,VerifyAdd,53159,SpRottenWm Stripe Cardigan Top Heather Gray 2 XL   ,,<html><body>empty</body></html>,1000,,http://images.nationalgeographic.com/wpf/media-live/photos/000/687/cache/bonobo-congo-ziegler_68751_990x742.jpg,1,Auction,0.01,,3,0,55406,Gallery,1,sales@skygroupcloseouts.com,If you need a revised invoice for combined shipping#comma# please contact us before paying so we can adjust the shipping costs.,,,,Flat,6.875,MN,1,0,55406,FedExHomeDelivery,12,1,10,1,4PW402NHGA2XL,ReturnsAccepted,MoneyBackOrExchange,Days_14,Buyer,Please contact us before returning any item. Items listed AS-IS or For Parts/Repair are not covered by our return policy.  We offer 14 days to return item after receiving it. If item is defective we will supply return shipping label. Item must be returned in original packaging with all accessories included. We also charge a 15% restocking fee for cancelled transactions that are not shipped#comma# or we let it go to eBay as an unpaid bidder case.  Do Not Bid If You Do Not Intend To Follow Through!,,,,US,0,0,0,0,0,1,100,5,2,Days_30,4,1,-1,1,,,,,
395,VerifyAdd,Failure,21916519,#quote#Error - Listing is missing required item specific(s): #quote##quote#Brand#comma# Size Type#comma# Size (Women's)#comma# Style#quote##quote#. Please provide the required item specifics.|Brand#comma# Size Type#comma# Size (Women's)#comma# Style|53159|#quote#,,,,,,,,,,,,,,,,,,,,,,,,,,,,,,4PS805000ASML,,,,,,,,,,,,VerifyAdd,53159,Lola P Ms Banded BtmTop Teal Small                 ,,<html><body>empty</body></html>,1000,,http://images.nationalgeographic.com/wpf/media-live/photos/000/687/cache/bonobo-congo-ziegler_68751_990x742.jpg,1,Auction,0.01,,3,0,55406,Gallery,1,sales@skygroupcloseouts.com,If you need a revised invoice for combined shipping#comma# please contact us before paying so we can adjust the shipping costs.,,,,Flat,6.875,MN,1,0,55406,FedExHomeDelivery,12,1,10,1,4PS805000ASML,ReturnsAccepted,MoneyBackOrExchange,Days_14,Buyer,Please contact us before returning any item. Items listed AS-IS or For Parts/Repair are not covered by our return policy.  We offer 14 days to return item after receiving it. If item is defective we will supply return shipping label. Item must be returned in original packaging with all accessories included. We also charge a 15% restocking fee for cancelled transactions that are not shipped#comma# or we let it go to eBay as an unpaid bidder case.  Do Not Bid If You Do Not Intend To Follow Through!,,,,US,0,0,0,0,0,1,100,5,2,Days_30,4,1,-1,1,,,,,
396,VerifyAdd,Failure,21916519,#quote#Error - Listing is missing required item specific(s): #quote##quote#Brand#comma# Size Type#comma# Size (Women's)#comma# Style#quote##quote#. Please provide the required item specifics.|Brand#comma# Size Type#comma# Size (Women's)#comma# Style|53159|#quote#,,,,,,,,,,,,,,,,,,,,,,,,,,,,,,4QE868NBWA1XL,,,,,,,,,,,,VerifyAdd,53159,Lea Apparel Wm Sweater Coat Brown 1X               ,,<html><body>empty</body></html>,1000,,http://images.nationalgeographic.com/wpf/media-live/photos/000/687/cache/bonobo-congo-ziegler_68751_990x742.jpg,1,Auction,0.01,,3,0,55406,Gallery,1,sales@skygroupcloseouts.com,If you need a revised invoice for combined shipping#comma# please contact us before paying so we can adjust the shipping costs.,,,,Flat,6.875,MN,1,0,55406,FedExHomeDelivery,12,1,10,1,4QE868NBWA1XL,ReturnsAccepted,MoneyBackOrExchange,Days_14,Buyer,Please contact us before returning any item. Items listed AS-IS or For Parts/Repair are not covered by our return policy.  We offer 14 days to return item after receiving it. If item is defective we will supply return shipping label. Item must be returned in original packaging with all accessories included. We also charge a 15% restocking fee for cancelled transactions that are not shipped#comma# or we let it go to eBay as an unpaid bidder case.  Do Not Bid If You Do Not Intend To Follow Through!,,,,US,0,0,0,0,0,1,100,5,2,Days_30,4,1,-1,1,,,,,
397,VerifyAdd,Failure,21916519,#quote#Error - Listing is missing required item specific(s): #quote##quote#Brand#comma# Size Type#comma# Size (Women's)#comma# Style#quote##quote#. Please provide the required item specifics.|Brand#comma# Size Type#comma# Size (Women's)#comma# Style|53159|#quote#,,,,,,,,,,,,,,,,,,,,,,,,,,,,,,4QE868NBWA2XL,,,,,,,,,,,,VerifyAdd,53159,Lea Apparel Wm Sweater Coat Brown 2 XL             ,,<html><body>empty</body></html>,1000,,http://images.nationalgeographic.com/wpf/media-live/photos/000/687/cache/bonobo-congo-ziegler_68751_990x742.jpg,1,Auction,0.01,,3,0,55406,Gallery,1,sales@skygroupcloseouts.com,If you need a revised invoice for combined shipping#comma# please contact us before paying so we can adjust the shipping costs.,,,,Flat,6.875,MN,1,0,55406,FedExHomeDelivery,12,1,10,1,4QE868NBWA2XL,ReturnsAccepted,MoneyBackOrExchange,Days_14,Buyer,Please contact us before returning any item. Items listed AS-IS or For Parts/Repair are not covered by our return policy.  We offer 14 days to return item after receiving it. If item is defective we will supply return shipping label. Item must be returned in original packaging with all accessories included. We also charge a 15% restocking fee for cancelled transactions that are not shipped#comma# or we let it go to eBay as an unpaid bidder case.  Do Not Bid If You Do Not Intend To Follow Through!,,,,US,0,0,0,0,0,1,100,5,2,Days_30,4,1,-1,1,,,,,
398,VerifyAdd,Failure,21916519,#quote#Error - Listing is missing required item specific(s): #quote##quote#Brand#comma# Size Type#comma# Size (Women's)#comma# Style#quote##quote#. Please provide the required item specifics.|Brand#comma# Size Type#comma# Size (Women's)#comma# Style|53159|#quote#,,,,,,,,,,,,,,,,,,,,,,,,,,,,,,4PX226RPKALRG,,,,,,,,,,,,VerifyAdd,53159,SpRotten Ms Lace & Cotton Top Pink Large           ,,<html><body>empty</body></html>,1000,,http://images.nationalgeographic.com/wpf/media-live/photos/000/687/cache/bonobo-congo-ziegler_68751_990x742.jpg,1,Auction,0.01,,3,0,55406,Gallery,1,sales@skygroupcloseouts.com,If you need a revised invoice for combined shipping#comma# please contact us before paying so we can adjust the shipping costs.,,,,Flat,6.875,MN,1,0,55406,FedExHomeDelivery,12,1,10,1,4PX226RPKALRG,ReturnsAccepted,MoneyBackOrExchange,Days_14,Buyer,Please contact us before returning any item. Items listed AS-IS or For Parts/Repair are not covered by our return policy.  We offer 14 days to return item after receiving it. If item is defective we will supply return shipping label. Item must be returned in original packaging with all accessories included. We also charge a 15% restocking fee for cancelled transactions that are not shipped#comma# or we let it go to eBay as an unpaid bidder case.  Do Not Bid If You Do Not Intend To Follow Through!,,,,US,0,0,0,0,0,1,100,5,2,Days_30,4,1,-1,1,,,,,
399,VerifyAdd,Failure,21916519,#quote#Error - Listing is missing required item specific(s): #quote##quote#Brand#comma# Size Type#comma# Size (Women's)#comma# Style#quote##quote#. Please provide the required item specifics.|Brand#comma# Size Type#comma# Size (Women's)#comma# Style|53159|#quote#,,,,,,,,,,,,,,,,,,,,,,,,,,,,,,4PS664YELAXLG,,,,,,,,,,,,VerifyAdd,53159,Lola P Ms Sharkbite Tunic Yellow X Large           ,,<html><body>empty</body></html>,1000,,http://images.nationalgeographic.com/wpf/media-live/photos/000/687/cache/bonobo-congo-ziegler_68751_990x742.jpg,1,Auction,0.01,,3,0,55406,Gallery,1,sales@skygroupcloseouts.com,If you need a revised invoice for combined shipping#comma# please contact us before paying so we can adjust the shipping costs.,,,,Flat,6.875,MN,1,0,55406,FedExHomeDelivery,12,1,10,1,4PS664YELAXLG,ReturnsAccepted,MoneyBackOrExchange,Days_14,Buyer,Please contact us before returning any item. Items listed AS-IS or For Parts/Repair are not covered by our return policy.  We offer 14 days to return item after receiving it. If item is defective we will supply return shipping label. Item must be returned in original packaging with all accessories included. We also charge a 15% restocking fee for cancelled transactions that are not shipped#comma# or we let it go to eBay as an unpaid bidder case.  Do Not Bid If You Do Not Intend To Follow Through!,,,,US,0,0,0,0,0,1,100,5,2,Days_30,4,1,-1,1,,,,,
400,VerifyAdd,Failure,21916519,#quote#Error - Listing is missing required item specific(s): #quote##quote#Brand#comma# Size Type#comma# Size (Women's)#comma# Style#quote##quote#. Please provide the required item specifics.|Brand#comma# Size Type#comma# Size (Women's)#comma# Style|53159|#quote#,,,,,,,,,,,,,,,,,,,,,,,,,,,,,,4QA578NSD0010,,,,,,,,,,,,VerifyAdd,53159,Jessica Simpson Madison Mini Satchel Saddle Brown  ,,<html><body>empty</body></html>,1000,,http://images.nationalgeographic.com/wpf/media-live/photos/000/687/cache/bonobo-congo-ziegler_68751_990x742.jpg,1,Auction,0.01,,3,0,55406,Gallery,1,sales@skygroupcloseouts.com,If you need a revised invoice for combined shipping#comma# please contact us before paying so we can adjust the shipping costs.,,,,Flat,6.875,MN,1,0,55406,FedExHomeDelivery,12,1,10,1,4QA578NSD0010,ReturnsAccepted,MoneyBackOrExchange,Days_14,Buyer,Please contact us before returning any item. Items listed AS-IS or For Parts/Repair are not covered by our return policy.  We offer 14 days to return item after receiving it. If item is defective we will supply return shipping label. Item must be returned in original packaging with all accessories included. We also charge a 15% restocking fee for cancelled transactions that are not shipped#comma# or we let it go to eBay as an unpaid bidder case.  Do Not Bid If You Do Not Intend To Follow Through!,,,,US,0,0,0,0,0,1,100,5,2,Days_30,4,1,-1,1,,,,,
401,VerifyAdd,Failure,21916519,#quote#Error - Listing is missing required item specific(s): #quote##quote#Brand#comma# Size Type#comma# Size (Women's)#comma# Style#quote##quote#. Please provide the required item specifics.|Brand#comma# Size Type#comma# Size (Women's)#comma# Style|53159|#quote#,,,,,,,,,,,,,,,,,,,,,,,,,,,,,,4PR734BAWAXLG,,,,,,,,,,,,VerifyAdd,53159,GIII MLB Lds Gold Glove Tank White Sox X Large     ,,<html><body>empty</body></html>,1000,,http://images.nationalgeographic.com/wpf/media-live/photos/000/687/cache/bonobo-congo-ziegler_68751_990x742.jpg,1,Auction,0.01,,3,0,55406,Gallery,1,sales@skygroupcloseouts.com,If you need a revised invoice for combined shipping#comma# please contact us before paying so we can adjust the shipping costs.,,,,Flat,6.875,MN,1,0,55406,FedExHomeDelivery,12,1,10,1,4PR734BAWAXLG,ReturnsAccepted,MoneyBackOrExchange,Days_14,Buyer,Please contact us before returning any item. Items listed AS-IS or For Parts/Repair are not covered by our return policy.  We offer 14 days to return item after receiving it. If item is defective we will supply return shipping label. Item must be returned in original packaging with all accessories included. We also charge a 15% restocking fee for cancelled transactions that are not shipped#comma# or we let it go to eBay as an unpaid bidder case.  Do Not Bid If You Do Not Intend To Follow Through!,,,,US,0,0,0,0,0,1,100,5,2,Days_30,4,1,-1,1,,,,,
402,VerifyAdd,Failure,21916519,#quote#Error - Listing is missing required item specific(s): #quote##quote#Brand#comma# Size Type#comma# Size (Women's)#comma# Style#quote##quote#. Please provide the required item specifics.|Brand#comma# Size Type#comma# Size (Women's)#comma# Style|53159|#quote#,,,,,,,,,,,,,,,,,,,,,,,,,,,,,,4PJ802BNVMM34,,,,,,,,,,,,VerifyAdd,53159,Steve Harv Mn Windowpane2pcSet Navy Medium/34      ,,<html><body>empty</body></html>,1000,,http://images.nationalgeographic.com/wpf/media-live/photos/000/687/cache/bonobo-congo-ziegler_68751_990x742.jpg,1,Auction,0.01,,3,0,55406,Gallery,1,sales@skygroupcloseouts.com,If you need a revised invoice for combined shipping#comma# please contact us before paying so we can adjust the shipping costs.,,,,Flat,6.875,MN,1,0,55406,FedExHomeDelivery,12,1,10,1,4PJ802BNVMM34,ReturnsAccepted,MoneyBackOrExchange,Days_14,Buyer,Please contact us before returning any item. Items listed AS-IS or For Parts/Repair are not covered by our return policy.  We offer 14 days to return item after receiving it. If item is defective we will supply return shipping label. Item must be returned in original packaging with all accessories included. We also charge a 15% restocking fee for cancelled transactions that are not shipped#comma# or we let it go to eBay as an unpaid bidder case.  Do Not Bid If You Do Not Intend To Follow Through!,,,,US,0,0,0,0,0,1,100,5,2,Days_30,4,1,-1,1,,,,,
403,VerifyAdd,Failure,21916519,#quote#Error - Listing is missing required item specific(s): #quote##quote#Brand#comma# Size Type#comma# Size (Women's)#comma# Style#quote##quote#. Please provide the required item specifics.|Brand#comma# Size Type#comma# Size (Women's)#comma# Style|53159|#quote#,,,,,,,,,,,,,,,,,,,,,,,,,,,,,,4PS782VPRAXLG,,,,,,,,,,,,VerifyAdd,53159,Company B Ms Tye Dye Jacket Purple X Large         ,,<html><body>empty</body></html>,1000,,http://images.nationalgeographic.com/wpf/media-live/photos/000/687/cache/bonobo-congo-ziegler_68751_990x742.jpg,1,Auction,0.01,,3,0,55406,Gallery,1,sales@skygroupcloseouts.com,If you need a revised invoice for combined shipping#comma# please contact us before paying so we can adjust the shipping costs.,,,,Flat,6.875,MN,1,0,55406,FedExHomeDelivery,12,1,10,1,4PS782VPRAXLG,ReturnsAccepted,MoneyBackOrExchange,Days_14,Buyer,Please contact us before returning any item. Items listed AS-IS or For Parts/Repair are not covered by our return policy.  We offer 14 days to return item after receiving it. If item is defective we will supply return shipping label. Item must be returned in original packaging with all accessories included. We also charge a 15% restocking fee for cancelled transactions that are not shipped#comma# or we let it go to eBay as an unpaid bidder case.  Do Not Bid If You Do Not Intend To Follow Through!,,,,US,0,0,0,0,0,1,100,5,2,Days_30,4,1,-1,1,,,,,
404,VerifyAdd,Failure,21916519,#quote#Error - Listing is missing required item specific(s): #quote##quote#Brand#comma# Size Type#comma# Size (Women's)#comma# Style#quote##quote#. Please provide the required item specifics.|Brand#comma# Size Type#comma# Size (Women's)#comma# Style|53159|#quote#,,,,,,,,,,,,,,,,,,,,,,,,,,,,,,4PW432CAZALRG,,,,,,,,,,,,VerifyAdd,53159,Apple Bot Ms Back Detailed Tee Azalea Large        ,,<html><body>empty</body></html>,1000,,http://images.nationalgeographic.com/wpf/media-live/photos/000/687/cache/bonobo-congo-ziegler_68751_990x742.jpg,1,Auction,0.01,,3,0,55406,Gallery,1,sales@skygroupcloseouts.com,If you need a revised invoice for combined shipping#comma# please contact us before paying so we can adjust the shipping costs.,,,,Flat,6.875,MN,1,0,55406,FedExHomeDelivery,12,1,10,1,4PW432CAZALRG,ReturnsAccepted,MoneyBackOrExchange,Days_14,Buyer,Please contact us before returning any item. Items listed AS-IS or For Parts/Repair are not covered by our return policy.  We offer 14 days to return item after receiving it. If item is defective we will supply return shipping label. Item must be returned in original packaging with all accessories included. We also charge a 15% restocking fee for cancelled transactions that are not shipped#comma# or we let it go to eBay as an unpaid bidder case.  Do Not Bid If You Do Not Intend To Follow Through!,,,,US,0,0,0,0,0,1,100,5,2,Days_30,4,1,-1,1,,,,,
405,VerifyAdd,Failure,21916519,#quote#Error - Listing is missing required item specific(s): #quote##quote#Brand#comma# Size Type#comma# Size (Women's)#comma# Style#quote##quote#. Please provide the required item specifics.|Brand#comma# Size Type#comma# Size (Women's)#comma# Style|53159|#quote#,,,,,,,,,,,,,,,,,,,,,,,,,,,,,,4PW401NHGALRG,,,,,,,,,,,,VerifyAdd,53159,SpRottenMs Stripe Cardigan Top Heather Gray Large  ,,<html><body>empty</body></html>,1000,,http://images.nationalgeographic.com/wpf/media-live/photos/000/687/cache/bonobo-congo-ziegler_68751_990x742.jpg,1,Auction,0.01,,3,0,55406,Gallery,1,sales@skygroupcloseouts.com,If you need a revised invoice for combined shipping#comma# please contact us before paying so we can adjust the shipping costs.,,,,Flat,6.875,MN,1,0,55406,FedExHomeDelivery,12,1,10,1,4PW401NHGALRG,ReturnsAccepted,MoneyBackOrExchange,Days_14,Buyer,Please contact us before returning any item. Items listed AS-IS or For Parts/Repair are not covered by our return policy.  We offer 14 days to return item after receiving it. If item is defective we will supply return shipping label. Item must be returned in original packaging with all accessories included. We also charge a 15% restocking fee for cancelled transactions that are not shipped#comma# or we let it go to eBay as an unpaid bidder case.  Do Not Bid If You Do Not Intend To Follow Through!,,,,US,0,0,0,0,0,1,100,5,2,Days_30,4,1,-1,1,,,,,
406,VerifyAdd,Failure,21916519,#quote#Error - Listing is missing required item specific(s): #quote##quote#Brand#comma# Size Type#comma# Size (Women's)#comma# Style#quote##quote#. Please provide the required item specifics.|Brand#comma# Size Type#comma# Size (Women's)#comma# Style|53159|#quote#,,,,,,,,,,,,,,,,,,,,,,,,,,,,,,4PY792NBN0010,,,,,,,,,,,,VerifyAdd,53159,Relic Norwood Bucket Bone                          ,,<html><body>empty</body></html>,1000,,http://images.nationalgeographic.com/wpf/media-live/photos/000/687/cache/bonobo-congo-ziegler_68751_990x742.jpg,1,Auction,0.01,,3,0,55406,Gallery,1,sales@skygroupcloseouts.com,If you need a revised invoice for combined shipping#comma# please contact us before paying so we can adjust the shipping costs.,,,,Flat,6.875,MN,1,0,55406,FedExHomeDelivery,12,1,10,1,4PY792NBN0010,ReturnsAccepted,MoneyBackOrExchange,Days_14,Buyer,Please contact us before returning any item. Items listed AS-IS or For Parts/Repair are not covered by our return policy.  We offer 14 days to return item after receiving it. If item is defective we will supply return shipping label. Item must be returned in original packaging with all accessories included. We also charge a 15% restocking fee for cancelled transactions that are not shipped#comma# or we let it go to eBay as an unpaid bidder case.  Do Not Bid If You Do Not Intend To Follow Through!,,,,US,0,0,0,0,0,1,100,5,2,Days_30,4,1,-1,1,,,,,
407,VerifyAdd,Failure,21916519,#quote#Error - Listing is missing required item specific(s): #quote##quote#Brand#comma# Size Type#comma# Size (Women's)#comma# Style#quote##quote#. Please provide the required item specifics.|Brand#comma# Size Type#comma# Size (Women's)#comma# Style|53159|#quote#,,,,,,,,,,,,,,,,,,,,,,,,,,,,,,4PX203RPKA2XL,,,,,,,,,,,,VerifyAdd,53159,SpRotten Wm Beaded Neck Top Pink 2 XL              ,,<html><body>empty</body></html>,1000,,http://images.nationalgeographic.com/wpf/media-live/photos/000/687/cache/bonobo-congo-ziegler_68751_990x742.jpg,1,Auction,0.01,,3,0,55406,Gallery,1,sales@skygroupcloseouts.com,If you need a revised invoice for combined shipping#comma# please contact us before paying so we can adjust the shipping costs.,,,,Flat,6.875,MN,1,0,55406,FedExHomeDelivery,12,1,10,1,4PX203RPKA2XL,ReturnsAccepted,MoneyBackOrExchange,Days_14,Buyer,Please contact us before returning any item. Items listed AS-IS or For Parts/Repair are not covered by our return policy.  We offer 14 days to return item after receiving it. If item is defective we will supply return shipping label. Item must be returned in original packaging with all accessories included. We also charge a 15% restocking fee for cancelled transactions that are not shipped#comma# or we let it go to eBay as an unpaid bidder case.  Do Not Bid If You Do Not Intend To Follow Through!,,,,US,0,0,0,0,0,1,100,5,2,Days_30,4,1,-1,1,,,,,
408,VerifyAdd,Failure,21916519,#quote#Error - Listing is missing required item specific(s): #quote##quote#Brand#comma# Size Type#comma# Size (Women's)#comma# Style#quote##quote#. Please provide the required item specifics.|Brand#comma# Size Type#comma# Size (Women's)#comma# Style|53159|#quote#,,,,,,,,,,,,,,,,,,,,,,,,,,,,,,4NQ402NRHA2XL,,,,,,,,,,,,VerifyAdd,53159,Long Leg Control Panty Misses Pearl White 2 XL     ,,<html><body>empty</body></html>,1000,,http://images.nationalgeographic.com/wpf/media-live/photos/000/687/cache/bonobo-congo-ziegler_68751_990x742.jpg,1,Auction,0.01,,3,0,55406,Gallery,1,sales@skygroupcloseouts.com,If you need a revised invoice for combined shipping#comma# please contact us before paying so we can adjust the shipping costs.,,,,Flat,6.875,MN,1,0,55406,FedExHomeDelivery,12,1,10,1,4NQ402NRHA2XL,ReturnsAccepted,MoneyBackOrExchange,Days_14,Buyer,Please contact us before returning any item. Items listed AS-IS or For Parts/Repair are not covered by our return policy.  We offer 14 days to return item after receiving it. If item is defective we will supply return shipping label. Item must be returned in original packaging with all accessories included. We also charge a 15% restocking fee for cancelled transactions that are not shipped#comma# or we let it go to eBay as an unpaid bidder case.  Do Not Bid If You Do Not Intend To Follow Through!,,,,US,0,0,0,0,0,1,100,5,2,Days_30,4,1,-1,1,,,,,
409,VerifyAdd,Failure,21916519,#quote#Error - Listing is missing required item specific(s): #quote##quote#Brand#comma# Size Type#comma# Size (Women's)#comma# Style#quote##quote#. Please provide the required item specifics.|Brand#comma# Size Type#comma# Size (Women's)#comma# Style|53159|#quote#,,,,,,,,,,,,,,,,,,,,,,,,,,,,,,4PX225RPKA3XL,,,,,,,,,,,,VerifyAdd,53159,SpRotten Wm Lace & Cotton Top Pink 3 XL            ,,<html><body>empty</body></html>,1000,,http://images.nationalgeographic.com/wpf/media-live/photos/000/687/cache/bonobo-congo-ziegler_68751_990x742.jpg,1,Auction,0.01,,3,0,55406,Gallery,1,sales@skygroupcloseouts.com,If you need a revised invoice for combined shipping#comma# please contact us before paying so we can adjust the shipping costs.,,,,Flat,6.875,MN,1,0,55406,FedExHomeDelivery,12,1,10,1,4PX225RPKA3XL,ReturnsAccepted,MoneyBackOrExchange,Days_14,Buyer,Please contact us before returning any item. Items listed AS-IS or For Parts/Repair are not covered by our return policy.  We offer 14 days to return item after receiving it. If item is defective we will supply return shipping label. Item must be returned in original packaging with all accessories included. We also charge a 15% restocking fee for cancelled transactions that are not shipped#comma# or we let it go to eBay as an unpaid bidder case.  Do Not Bid If You Do Not Intend To Follow Through!,,,,US,0,0,0,0,0,1,100,5,2,Days_30,4,1,-1,1,,,,,
410,VerifyAdd,Failure,21916519,#quote#Error - Listing is missing required item specific(s): #quote##quote#Brand#comma# Size Type#comma# Size (Women's)#comma# Style#quote##quote#. Please provide the required item specifics.|Brand#comma# Size Type#comma# Size (Women's)#comma# Style|53159|#quote#,,,,,,,,,,,,,,,,,,,,,,,,,,,,,,4PX203GRNA1XL,,,,,,,,,,,,VerifyAdd,53159,SpRotten Wm Beaded Neck Top Green 1X               ,,<html><body>empty</body></html>,1000,,http://images.nationalgeographic.com/wpf/media-live/photos/000/687/cache/bonobo-congo-ziegler_68751_990x742.jpg,1,Auction,0.01,,3,0,55406,Gallery,1,sales@skygroupcloseouts.com,If you need a revised invoice for combined shipping#comma# please contact us before paying so we can adjust the shipping costs.,,,,Flat,6.875,MN,1,0,55406,FedExHomeDelivery,12,1,10,1,4PX203GRNA1XL,ReturnsAccepted,MoneyBackOrExchange,Days_14,Buyer,Please contact us before returning any item. Items listed AS-IS or For Parts/Repair are not covered by our return policy.  We offer 14 days to return item after receiving it. If item is defective we will supply return shipping label. Item must be returned in original packaging with all accessories included. We also charge a 15% restocking fee for cancelled transactions that are not shipped#comma# or we let it go to eBay as an unpaid bidder case.  Do Not Bid If You Do Not Intend To Follow Through!,,,,US,0,0,0,0,0,1,100,5,2,Days_30,4,1,-1,1,,,,,
411,VerifyAdd,Failure,21916519,#quote#Error - Listing is missing required item specific(s): #quote##quote#Brand#comma# Size Type#comma# Size (Women's)#comma# Style#quote##quote#. Please provide the required item specifics.|Brand#comma# Size Type#comma# Size (Women's)#comma# Style|53159|#quote#,,,,,,,,,,,,,,,,,,,,,,,,,,,,,,4QB729GRN0010,,,,,,,,,,,,VerifyAdd,53159,Relic Erica Flap Crossbody Green                   ,,<html><body>empty</body></html>,1000,,http://images.nationalgeographic.com/wpf/media-live/photos/000/687/cache/bonobo-congo-ziegler_68751_990x742.jpg,1,Auction,0.01,,3,0,55406,Gallery,1,sales@skygroupcloseouts.com,If you need a revised invoice for combined shipping#comma# please contact us before paying so we can adjust the shipping costs.,,,,Flat,6.875,MN,1,0,55406,FedExHomeDelivery,12,1,10,1,4QB729GRN0010,ReturnsAccepted,MoneyBackOrExchange,Days_14,Buyer,Please contact us before returning any item. Items listed AS-IS or For Parts/Repair are not covered by our return policy.  We offer 14 days to return item after receiving it. If item is defective we will supply return shipping label. Item must be returned in original packaging with all accessories included. We also charge a 15% restocking fee for cancelled transactions that are not shipped#comma# or we let it go to eBay as an unpaid bidder case.  Do Not Bid If You Do Not Intend To Follow Through!,,,,US,0,0,0,0,0,1,100,5,2,Days_30,4,1,-1,1,,,,,
412,VerifyAdd,Failure,21916519,#quote#Error - Listing is missing required item specific(s): #quote##quote#Brand#comma# Size Type#comma# Size (Women's)#comma# Style#quote##quote#. Please provide the required item specifics.|Brand#comma# Size Type#comma# Size (Women's)#comma# Style|53159|#quote#,,,,,,,,,,,,,,,,,,,,,,,,,,,,,,4PX228RRWA2XL,,,,,,,,,,,,VerifyAdd,53159,SpRotten Wm Striped Top Red/White 2 XL             ,,<html><body>empty</body></html>,1000,,http://images.nationalgeographic.com/wpf/media-live/photos/000/687/cache/bonobo-congo-ziegler_68751_990x742.jpg,1,Auction,0.01,,3,0,55406,Gallery,1,sales@skygroupcloseouts.com,If you need a revised invoice for combined shipping#comma# please contact us before paying so we can adjust the shipping costs.,,,,Flat,6.875,MN,1,0,55406,FedExHomeDelivery,12,1,10,1,4PX228RRWA2XL,ReturnsAccepted,MoneyBackOrExchange,Days_14,Buyer,Please contact us before returning any item. Items listed AS-IS or For Parts/Repair are not covered by our return policy.  We offer 14 days to return item after receiving it. If item is defective we will supply return shipping label. Item must be returned in original packaging with all accessories included. We also charge a 15% restocking fee for cancelled transactions that are not shipped#comma# or we let it go to eBay as an unpaid bidder case.  Do Not Bid If You Do Not Intend To Follow Through!,,,,US,0,0,0,0,0,1,100,5,2,Days_30,4,1,-1,1,,,,,
413,VerifyAdd,Failure,21916519,#quote#Error - Listing is missing required item specific(s): #quote##quote#Brand#comma# Size Type#comma# Size (Women's)#comma# Style#quote##quote#. Please provide the required item specifics.|Brand#comma# Size Type#comma# Size (Women's)#comma# Style|53159|#quote#,,,,,,,,,,,,,,,,,,,,,,,,,,,,,,4PX225RPKA1XL,,,,,,,,,,,,VerifyAdd,53159,SpRotten Wm Lace & Cotton Top Pink 1X              ,,<html><body>empty</body></html>,1000,,http://images.nationalgeographic.com/wpf/media-live/photos/000/687/cache/bonobo-congo-ziegler_68751_990x742.jpg,1,Auction,0.01,,3,0,55406,Gallery,1,sales@skygroupcloseouts.com,If you need a revised invoice for combined shipping#comma# please contact us before paying so we can adjust the shipping costs.,,,,Flat,6.875,MN,1,0,55406,FedExHomeDelivery,12,1,10,1,4PX225RPKA1XL,ReturnsAccepted,MoneyBackOrExchange,Days_14,Buyer,Please contact us before returning any item. Items listed AS-IS or For Parts/Repair are not covered by our return policy.  We offer 14 days to return item after receiving it. If item is defective we will supply return shipping label. Item must be returned in original packaging with all accessories included. We also charge a 15% restocking fee for cancelled transactions that are not shipped#comma# or we let it go to eBay as an unpaid bidder case.  Do Not Bid If You Do Not Intend To Follow Through!,,,,US,0,0,0,0,0,1,100,5,2,Days_30,4,1,-1,1,,,,,
414,VerifyAdd,Failure,21916519,#quote#Error - Listing is missing required item specific(s): #quote##quote#Brand#comma# Size Type#comma# Size (Women's)#comma# Style#quote##quote#. Please provide the required item specifics.|Brand#comma# Size Type#comma# Size (Women's)#comma# Style|53159|#quote#,,,,,,,,,,,,,,,,,,,,,,,,,,,,,,4PX203RPKA1XL,,,,,,,,,,,,VerifyAdd,53159,SpRotten Wm Beaded Neck Top Pink 1X                ,,<html><body>empty</body></html>,1000,,http://images.nationalgeographic.com/wpf/media-live/photos/000/687/cache/bonobo-congo-ziegler_68751_990x742.jpg,1,Auction,0.01,,3,0,55406,Gallery,1,sales@skygroupcloseouts.com,If you need a revised invoice for combined shipping#comma# please contact us before paying so we can adjust the shipping costs.,,,,Flat,6.875,MN,1,0,55406,FedExHomeDelivery,12,1,10,1,4PX203RPKA1XL,ReturnsAccepted,MoneyBackOrExchange,Days_14,Buyer,Please contact us before returning any item. Items listed AS-IS or For Parts/Repair are not covered by our return policy.  We offer 14 days to return item after receiving it. If item is defective we will supply return shipping label. Item must be returned in original packaging with all accessories included. We also charge a 15% restocking fee for cancelled transactions that are not shipped#comma# or we let it go to eBay as an unpaid bidder case.  Do Not Bid If You Do Not Intend To Follow Through!,,,,US,0,0,0,0,0,1,100,5,2,Days_30,4,1,-1,1,,,,,
415,VerifyAdd,Failure,21916519,#quote#Error - Listing is missing required item specific(s): #quote##quote#Brand#comma# Size Type#comma# Size (Women's)#comma# Style#quote##quote#. Please provide the required item specifics.|Brand#comma# Size Type#comma# Size (Women's)#comma# Style|53159|#quote#,,,,,,,,,,,,,,,,,,,,,,,,,,,,,,4PZ154NMLALRG,,,,,,,,,,,,VerifyAdd,53159,JessicaSimpson Ms TieFront Top Multi Large         ,,<html><body>empty</body></html>,1000,,http://images.nationalgeographic.com/wpf/media-live/photos/000/687/cache/bonobo-congo-ziegler_68751_990x742.jpg,1,Auction,0.01,,3,0,55406,Gallery,1,sales@skygroupcloseouts.com,If you need a revised invoice for combined shipping#comma# please contact us before paying so we can adjust the shipping costs.,,,,Flat,6.875,MN,1,0,55406,FedExHomeDelivery,12,1,10,1,4PZ154NMLALRG,ReturnsAccepted,MoneyBackOrExchange,Days_14,Buyer,Please contact us before returning any item. Items listed AS-IS or For Parts/Repair are not covered by our return policy.  We offer 14 days to return item after receiving it. If item is defective we will supply return shipping label. Item must be returned in original packaging with all accessories included. We also charge a 15% restocking fee for cancelled transactions that are not shipped#comma# or we let it go to eBay as an unpaid bidder case.  Do Not Bid If You Do Not Intend To Follow Through!,,,,US,0,0,0,0,0,1,100,5,2,Days_30,4,1,-1,1,,,,,
416,VerifyAdd,Failure,21916519,#quote#Error - Listing is missing required item specific(s): #quote##quote#Brand#comma# Size Type#comma# Size (Women's)#comma# Style#quote##quote#. Please provide the required item specifics.|Brand#comma# Size Type#comma# Size (Women's)#comma# Style|53159|#quote#,,,,,,,,,,,,,,,,,,,,,,,,,,,,,,4PZ854GRNAXLG,,,,,,,,,,,,VerifyAdd,53159,Company B Ms Tye Dye Top Green X Large             ,,<html><body>empty</body></html>,1000,,http://images.nationalgeographic.com/wpf/media-live/photos/000/687/cache/bonobo-congo-ziegler_68751_990x742.jpg,1,Auction,0.01,,3,0,55406,Gallery,1,sales@skygroupcloseouts.com,If you need a revised invoice for combined shipping#comma# please contact us before paying so we can adjust the shipping costs.,,,,Flat,6.875,MN,1,0,55406,FedExHomeDelivery,12,1,10,1,4PZ854GRNAXLG,ReturnsAccepted,MoneyBackOrExchange,Days_14,Buyer,Please contact us before returning any item. Items listed AS-IS or For Parts/Repair are not covered by our return policy.  We offer 14 days to return item after receiving it. If item is defective we will supply return shipping label. Item must be returned in original packaging with all accessories included. We also charge a 15% restocking fee for cancelled transactions that are not shipped#comma# or we let it go to eBay as an unpaid bidder case.  Do Not Bid If You Do Not Intend To Follow Through!,,,,US,0,0,0,0,0,1,100,5,2,Days_30,4,1,-1,1,,,,,
417,VerifyAdd,Failure,21916519,#quote#Error - Listing is missing required item specific(s): #quote##quote#Brand#comma# Size Type#comma# Size (Women's)#comma# Style#quote##quote#. Please provide the required item specifics.|Brand#comma# Size Type#comma# Size (Women's)#comma# Style|53159|#quote#,,,,,,,,,,,,,,,,,,,,,,,,,,,,,,4PX225RPKA2XL,,,,,,,,,,,,VerifyAdd,53159,SpRotten Wm Lace & Cotton Top Pink 2 XL            ,,<html><body>empty</body></html>,1000,,http://images.nationalgeographic.com/wpf/media-live/photos/000/687/cache/bonobo-congo-ziegler_68751_990x742.jpg,1,Auction,0.01,,3,0,55406,Gallery,1,sales@skygroupcloseouts.com,If you need a revised invoice for combined shipping#comma# please contact us before paying so we can adjust the shipping costs.,,,,Flat,6.875,MN,1,0,55406,FedExHomeDelivery,12,1,10,1,4PX225RPKA2XL,ReturnsAccepted,MoneyBackOrExchange,Days_14,Buyer,Please contact us before returning any item. Items listed AS-IS or For Parts/Repair are not covered by our return policy.  We offer 14 days to return item after receiving it. If item is defective we will supply return shipping label. Item must be returned in original packaging with all accessories included. We also charge a 15% restocking fee for cancelled transactions that are not shipped#comma# or we let it go to eBay as an unpaid bidder case.  Do Not Bid If You Do Not Intend To Follow Through!,,,,US,0,0,0,0,0,1,100,5,2,Days_30,4,1,-1,1,,,,,
418,VerifyAdd,Failure,21916519,#quote#Error - Listing is missing required item specific(s): #quote##quote#Brand#comma# Size Type#comma# Size (Women's)#comma# Style#quote##quote#. Please provide the required item specifics.|Brand#comma# Size Type#comma# Size (Women's)#comma# Style|53159|#quote#,,,,,,,,,,,,,,,,,,,,,,,,,,,,,,4PW451GLEA1XL,,,,,,,,,,,,VerifyAdd,53159,AppleBot Wm Fashion Vest Top Lime 1X               ,,<html><body>empty</body></html>,1000,,http://images.nationalgeographic.com/wpf/media-live/photos/000/687/cache/bonobo-congo-ziegler_68751_990x742.jpg,1,Auction,0.01,,3,0,55406,Gallery,1,sales@skygroupcloseouts.com,If you need a revised invoice for combined shipping#comma# please contact us before paying so we can adjust the shipping costs.,,,,Flat,6.875,MN,1,0,55406,FedExHomeDelivery,12,1,10,1,4PW451GLEA1XL,ReturnsAccepted,MoneyBackOrExchange,Days_14,Buyer,Please contact us before returning any item. Items listed AS-IS or For Parts/Repair are not covered by our return policy.  We offer 14 days to return item after receiving it. If item is defective we will supply return shipping label. Item must be returned in original packaging with all accessories included. We also charge a 15% restocking fee for cancelled transactions that are not shipped#comma# or we let it go to eBay as an unpaid bidder case.  Do Not Bid If You Do Not Intend To Follow Through!,,,,US,0,0,0,0,0,1,100,5,2,Days_30,4,1,-1,1,,,,,
419,VerifyAdd,Failure,21916519,#quote#Error - Listing is missing required item specific(s): #quote##quote#Brand#comma# Size Type#comma# Size (Women's)#comma# Style#quote##quote#. Please provide the required item specifics.|Brand#comma# Size Type#comma# Size (Women's)#comma# Style|53159|#quote#,,,,,,,,,,,,,,,,,,,,,,,,,,,,,,4PF226NAF0010,,,,,,,,,,,,VerifyAdd,53159,EclipseTavrnBOTherm Valance-Cafe                   ,,<html><body>empty</body></html>,1000,,http://images.nationalgeographic.com/wpf/media-live/photos/000/687/cache/bonobo-congo-ziegler_68751_990x742.jpg,1,Auction,0.01,,3,0,55406,Gallery,1,sales@skygroupcloseouts.com,If you need a revised invoice for combined shipping#comma# please contact us before paying so we can adjust the shipping costs.,,,,Flat,6.875,MN,1,0,55406,FedExHomeDelivery,12,1,10,1,4PF226NAF0010,ReturnsAccepted,MoneyBackOrExchange,Days_14,Buyer,Please contact us before returning any item. Items listed AS-IS or For Parts/Repair are not covered by our return policy.  We offer 14 days to return item after receiving it. If item is defective we will supply return shipping label. Item must be returned in original packaging with all accessories included. We also charge a 15% restocking fee for cancelled transactions that are not shipped#comma# or we let it go to eBay as an unpaid bidder case.  Do Not Bid If You Do Not Intend To Follow Through!,,,,US,0,0,0,0,0,1,100,5,2,Days_30,4,1,-1,1,,,,,
420,VerifyAdd,Failure,21916519,#quote#Error - Listing is missing required item specific(s): #quote##quote#Brand#comma# Size Type#comma# Size (Women's)#comma# Style#quote##quote#. Please provide the required item specifics.|Brand#comma# Size Type#comma# Size (Women's)#comma# Style|53159|#quote#,,,,,,,,,,,,,,,,,,,,,,,,,,,,,,4PW703NWHALRG,,,,,,,,,,,,VerifyAdd,53159,Apple Bottoms Ms StripeTankTop White Large         ,,<html><body>empty</body></html>,1000,,http://images.nationalgeographic.com/wpf/media-live/photos/000/687/cache/bonobo-congo-ziegler_68751_990x742.jpg,1,Auction,0.01,,3,0,55406,Gallery,1,sales@skygroupcloseouts.com,If you need a revised invoice for combined shipping#comma# please contact us before paying so we can adjust the shipping costs.,,,,Flat,6.875,MN,1,0,55406,FedExHomeDelivery,12,1,10,1,4PW703NWHALRG,ReturnsAccepted,MoneyBackOrExchange,Days_14,Buyer,Please contact us before returning any item. Items listed AS-IS or For Parts/Repair are not covered by our return policy.  We offer 14 days to return item after receiving it. If item is defective we will supply return shipping label. Item must be returned in original packaging with all accessories included. We also charge a 15% restocking fee for cancelled transactions that are not shipped#comma# or we let it go to eBay as an unpaid bidder case.  Do Not Bid If You Do Not Intend To Follow Through!,,,,US,0,0,0,0,0,1,100,5,2,Days_30,4,1,-1,1,,,,,
421,VerifyAdd,Failure,21916519,#quote#Error - Listing is missing required item specific(s): #quote##quote#Brand#comma# Size Type#comma# Size (Women's)#comma# Style#quote##quote#. Please provide the required item specifics.|Brand#comma# Size Type#comma# Size (Women's)#comma# Style|53159|#quote#,,,,,,,,,,,,,,,,,,,,,,,,,,,,,,4PW432BOPALRG,,,,,,,,,,,,VerifyAdd,53159,Apple Bot Ms Back Detailed Tee Opal Large          ,,<html><body>empty</body></html>,1000,,http://images.nationalgeographic.com/wpf/media-live/photos/000/687/cache/bonobo-congo-ziegler_68751_990x742.jpg,1,Auction,0.01,,3,0,55406,Gallery,1,sales@skygroupcloseouts.com,If you need a revised invoice for combined shipping#comma# please contact us before paying so we can adjust the shipping costs.,,,,Flat,6.875,MN,1,0,55406,FedExHomeDelivery,12,1,10,1,4PW432BOPALRG,ReturnsAccepted,MoneyBackOrExchange,Days_14,Buyer,Please contact us before returning any item. Items listed AS-IS or For Parts/Repair are not covered by our return policy.  We offer 14 days to return item after receiving it. If item is defective we will supply return shipping label. Item must be returned in original packaging with all accessories included. We also charge a 15% restocking fee for cancelled transactions that are not shipped#comma# or we let it go to eBay as an unpaid bidder case.  Do Not Bid If You Do Not Intend To Follow Through!,,,,US,0,0,0,0,0,1,100,5,2,Days_30,4,1,-1,1,,,,,
422,VerifyAdd,Failure,21916519,#quote#Error - Listing is missing required item specific(s): #quote##quote#Brand#comma# Size Type#comma# Size (Women's)#comma# Style#quote##quote#. Please provide the required item specifics.|Brand#comma# Size Type#comma# Size (Women's)#comma# Style|53159|#quote#,,,,,,,,,,,,,,,,,,,,,,,,,,,,,,4PW703NWHKSML,,,,,,,,,,,,VerifyAdd,53159,Apple Bottoms Ms StripeTankTop White Small         ,,<html><body>empty</body></html>,1000,,http://images.nationalgeographic.com/wpf/media-live/photos/000/687/cache/bonobo-congo-ziegler_68751_990x742.jpg,1,Auction,0.01,,3,0,55406,Gallery,1,sales@skygroupcloseouts.com,If you need a revised invoice for combined shipping#comma# please contact us before paying so we can adjust the shipping costs.,,,,Flat,6.875,MN,1,0,55406,FedExHomeDelivery,12,1,10,1,4PW703NWHKSML,ReturnsAccepted,MoneyBackOrExchange,Days_14,Buyer,Please contact us before returning any item. Items listed AS-IS or For Parts/Repair are not covered by our return policy.  We offer 14 days to return item after receiving it. If item is defective we will supply return shipping label. Item must be returned in original packaging with all accessories included. We also charge a 15% restocking fee for cancelled transactions that are not shipped#comma# or we let it go to eBay as an unpaid bidder case.  Do Not Bid If You Do Not Intend To Follow Through!,,,,US,0,0,0,0,0,1,100,5,2,Days_30,4,1,-1,1,,,,,
423,VerifyAdd,Failure,21916519,#quote#Error - Listing is missing required item specific(s): #quote##quote#Brand#comma# Size Type#comma# Size (Women's)#comma# Style#quote##quote#. Please provide the required item specifics.|Brand#comma# Size Type#comma# Size (Women's)#comma# Style|53159|#quote#,,,,,,,,,,,,,,,,,,,,,,,,,,,,,,4PW450BOPA1XL,,,,,,,,,,,,VerifyAdd,53159,AppleBot Wm Cold Shoulder Top Opal 1X              ,,<html><body>empty</body></html>,1000,,http://images.nationalgeographic.com/wpf/media-live/photos/000/687/cache/bonobo-congo-ziegler_68751_990x742.jpg,1,Auction,0.01,,3,0,55406,Gallery,1,sales@skygroupcloseouts.com,If you need a revised invoice for combined shipping#comma# please contact us before paying so we can adjust the shipping costs.,,,,Flat,6.875,MN,1,0,55406,FedExHomeDelivery,12,1,10,1,4PW450BOPA1XL,ReturnsAccepted,MoneyBackOrExchange,Days_14,Buyer,Please contact us before returning any item. Items listed AS-IS or For Parts/Repair are not covered by our return policy.  We offer 14 days to return item after receiving it. If item is defective we will supply return shipping label. Item must be returned in original packaging with all accessories included. We also charge a 15% restocking fee for cancelled transactions that are not shipped#comma# or we let it go to eBay as an unpaid bidder case.  Do Not Bid If You Do Not Intend To Follow Through!,,,,US,0,0,0,0,0,1,100,5,2,Days_30,4,1,-1,1,,,,,
424,VerifyAdd,Failure,21916519,#quote#Error - Listing is missing required item specific(s): #quote##quote#Brand#comma# Size Type#comma# Size (Women's)#comma# Style#quote##quote#. Please provide the required item specifics.|Brand#comma# Size Type#comma# Size (Women's)#comma# Style|53159|#quote#,,,,,,,,,,,,,,,,,,,,,,,,,,,,,,4PW689CCTAMED,,,,,,,,,,,,VerifyAdd,53159,Apple Bottoms Ms Graphic Tee Cherry Tomato Medium  ,,<html><body>empty</body></html>,1000,,http://images.nationalgeographic.com/wpf/media-live/photos/000/687/cache/bonobo-congo-ziegler_68751_990x742.jpg,1,Auction,0.01,,3,0,55406,Gallery,1,sales@skygroupcloseouts.com,If you need a revised invoice for combined shipping#comma# please contact us before paying so we can adjust the shipping costs.,,,,Flat,6.875,MN,1,0,55406,FedExHomeDelivery,12,1,10,1,4PW689CCTAMED,ReturnsAccepted,MoneyBackOrExchange,Days_14,Buyer,Please contact us before returning any item. Items listed AS-IS or For Parts/Repair are not covered by our return policy.  We offer 14 days to return item after receiving it. If item is defective we will supply return shipping label. Item must be returned in original packaging with all accessories included. We also charge a 15% restocking fee for cancelled transactions that are not shipped#comma# or we let it go to eBay as an unpaid bidder case.  Do Not Bid If You Do Not Intend To Follow Through!,,,,US,0,0,0,0,0,1,100,5,2,Days_30,4,1,-1,1,,,,,
425,VerifyAdd,Failure,21916519,#quote#Error - Listing is missing required item specific(s): #quote##quote#Brand#comma# Size Type#comma# Size (Women's)#comma# Style#quote##quote#. Please provide the required item specifics.|Brand#comma# Size Type#comma# Size (Women's)#comma# Style|53159|#quote#,,,,,,,,,,,,,,,,,,,,,,,,,,,,,,4PX200GTLA3XL,,,,,,,,,,,,VerifyAdd,53159,SpRotten Wm Embroidered Tank Teal 3 XL             ,,<html><body>empty</body></html>,1000,,http://images.nationalgeographic.com/wpf/media-live/photos/000/687/cache/bonobo-congo-ziegler_68751_990x742.jpg,1,Auction,0.01,,3,0,55406,Gallery,1,sales@skygroupcloseouts.com,If you need a revised invoice for combined shipping#comma# please contact us before paying so we can adjust the shipping costs.,,,,Flat,6.875,MN,1,0,55406,FedExHomeDelivery,12,1,10,1,4PX200GTLA3XL,ReturnsAccepted,MoneyBackOrExchange,Days_14,Buyer,Please contact us before returning any item. Items listed AS-IS or For Parts/Repair are not covered by our return policy.  We offer 14 days to return item after receiving it. If item is defective we will supply return shipping label. Item must be returned in original packaging with all accessories included. We also charge a 15% restocking fee for cancelled transactions that are not shipped#comma# or we let it go to eBay as an unpaid bidder case.  Do Not Bid If You Do Not Intend To Follow Through!,,,,US,0,0,0,0,0,1,100,5,2,Days_30,4,1,-1,1,,,,,
426,VerifyAdd,Failure,21916519,#quote#Error - Listing is missing required item specific(s): #quote##quote#Brand#comma# Size Type#comma# Size (Women's)#comma# Style#quote##quote#. Please provide the required item specifics.|Brand#comma# Size Type#comma# Size (Women's)#comma# Style|53159|#quote#,,,,,,,,,,,,,,,,,,,,,,,,,,,,,,4PW431GLESS01,,,,,,,,,,,,VerifyAdd,53159,AppleBot Ms Fashion Vest Top Lime Small            ,,<html><body>empty</body></html>,1000,,http://images.nationalgeographic.com/wpf/media-live/photos/000/687/cache/bonobo-congo-ziegler_68751_990x742.jpg,1,Auction,0.01,,3,0,55406,Gallery,1,sales@skygroupcloseouts.com,If you need a revised invoice for combined shipping#comma# please contact us before paying so we can adjust the shipping costs.,,,,Flat,6.875,MN,1,0,55406,FedExHomeDelivery,12,1,10,1,4PW431GLESS01,ReturnsAccepted,MoneyBackOrExchange,Days_14,Buyer,Please contact us before returning any item. Items listed AS-IS or For Parts/Repair are not covered by our return policy.  We offer 14 days to return item after receiving it. If item is defective we will supply return shipping label. Item must be returned in original packaging with all accessories included. We also charge a 15% restocking fee for cancelled transactions that are not shipped#comma# or we let it go to eBay as an unpaid bidder case.  Do Not Bid If You Do Not Intend To Follow Through!,,,,US,0,0,0,0,0,1,100,5,2,Days_30,4,1,-1,1,,,,,
427,VerifyAdd,Failure,21916519,#quote#Error - Listing is missing required item specific(s): #quote##quote#Brand#comma# Size Type#comma# Size (Women's)#comma# Style#quote##quote#. Please provide the required item specifics.|Brand#comma# Size Type#comma# Size (Women's)#comma# Style|53159|#quote#,,,,,,,,,,,,,,,,,,,,,,,,,,,,,,4PX228WUWA1XL,,,,,,,,,,,,VerifyAdd,53159,SpRotten Wm Striped Top Purple/White 1X            ,,<html><body>empty</body></html>,1000,,http://images.nationalgeographic.com/wpf/media-live/photos/000/687/cache/bonobo-congo-ziegler_68751_990x742.jpg,1,Auction,0.01,,3,0,55406,Gallery,1,sales@skygroupcloseouts.com,If you need a revised invoice for combined shipping#comma# please contact us before paying so we can adjust the shipping costs.,,,,Flat,6.875,MN,1,0,55406,FedExHomeDelivery,12,1,10,1,4PX228WUWA1XL,ReturnsAccepted,MoneyBackOrExchange,Days_14,Buyer,Please contact us before returning any item. Items listed AS-IS or For Parts/Repair are not covered by our return policy.  We offer 14 days to return item after receiving it. If item is defective we will supply return shipping label. Item must be returned in original packaging with all accessories included. We also charge a 15% restocking fee for cancelled transactions that are not shipped#comma# or we let it go to eBay as an unpaid bidder case.  Do Not Bid If You Do Not Intend To Follow Through!,,,,US,0,0,0,0,0,1,100,5,2,Days_30,4,1,-1,1,,,,,
428,VerifyAdd,Failure,21916519,#quote#Error - Listing is missing required item specific(s): #quote##quote#Brand#comma# Size Type#comma# Size (Women's)#comma# Style#quote##quote#. Please provide the required item specifics.|Brand#comma# Size Type#comma# Size (Women's)#comma# Style|53159|#quote#,,,,,,,,,,,,,,,,,,,,,,,,,,,,,,4PW748000ALRG,,,,,,,,,,,,VerifyAdd,53159,Apple Bottoms Ms Logo Tee  Large                   ,,<html><body>empty</body></html>,1000,,http://images.nationalgeographic.com/wpf/media-live/photos/000/687/cache/bonobo-congo-ziegler_68751_990x742.jpg,1,Auction,0.01,,3,0,55406,Gallery,1,sales@skygroupcloseouts.com,If you need a revised invoice for combined shipping#comma# please contact us before paying so we can adjust the shipping costs.,,,,Flat,6.875,MN,1,0,55406,FedExHomeDelivery,12,1,10,1,4PW748000ALRG,ReturnsAccepted,MoneyBackOrExchange,Days_14,Buyer,Please contact us before returning any item. Items listed AS-IS or For Parts/Repair are not covered by our return policy.  We offer 14 days to return item after receiving it. If item is defective we will supply return shipping label. Item must be returned in original packaging with all accessories included. We also charge a 15% restocking fee for cancelled transactions that are not shipped#comma# or we let it go to eBay as an unpaid bidder case.  Do Not Bid If You Do Not Intend To Follow Through!,,,,US,0,0,0,0,0,1,100,5,2,Days_30,4,1,-1,1,,,,,
429,VerifyAdd,Failure,21916519,#quote#Error - Listing is missing required item specific(s): #quote##quote#Brand#comma# Size Type#comma# Size (Women's)#comma# Style#quote##quote#. Please provide the required item specifics.|Brand#comma# Size Type#comma# Size (Women's)#comma# Style|53159|#quote#,,,,,,,,,,,,,,,,,,,,,,,,,,,,,,4PW689CCTALRG,,,,,,,,,,,,VerifyAdd,53159,Apple Bottoms Ms Graphic Tee Cherry Tomato Large   ,,<html><body>empty</body></html>,1000,,http://images.nationalgeographic.com/wpf/media-live/photos/000/687/cache/bonobo-congo-ziegler_68751_990x742.jpg,1,Auction,0.01,,3,0,55406,Gallery,1,sales@skygroupcloseouts.com,If you need a revised invoice for combined shipping#comma# please contact us before paying so we can adjust the shipping costs.,,,,Flat,6.875,MN,1,0,55406,FedExHomeDelivery,12,1,10,1,4PW689CCTALRG,ReturnsAccepted,MoneyBackOrExchange,Days_14,Buyer,Please contact us before returning any item. Items listed AS-IS or For Parts/Repair are not covered by our return policy.  We offer 14 days to return item after receiving it. If item is defective we will supply return shipping label. Item must be returned in original packaging with all accessories included. We also charge a 15% restocking fee for cancelled transactions that are not shipped#comma# or we let it go to eBay as an unpaid bidder case.  Do Not Bid If You Do Not Intend To Follow Through!,,,,US,0,0,0,0,0,1,100,5,2,Days_30,4,1,-1,1,,,,,
430,VerifyAdd,Failure,21916519,#quote#Error - Listing is missing required item specific(s): #quote##quote#Brand#comma# Style#comma# US Shoe Size (Women's)#quote##quote#. Please provide the required item specifics.|Brand#comma# Style#comma# US Shoe Size (Women's)|53557|#quote#,,,,,,,,,,,,,,,,,,,,,,,,,,,,,,4NV962NBLS100,,,,,,,,,,,,VerifyAdd,53557,Carrini WM Faux Suede Boot Black 10                ,,<html><body>empty</body></html>,1000,,http://images.nationalgeographic.com/wpf/media-live/photos/000/687/cache/bonobo-congo-ziegler_68751_990x742.jpg,1,Auction,0.01,,3,0,55406,Gallery,1,sales@skygroupcloseouts.com,If you need a revised invoice for combined shipping#comma# please contact us before paying so we can adjust the shipping costs.,,,,Flat,6.875,MN,1,0,55406,FedExHomeDelivery,12,1,10,1,4NV962NBLS100,ReturnsAccepted,MoneyBackOrExchange,Days_14,Buyer,Please contact us before returning any item. Items listed AS-IS or For Parts/Repair are not covered by our return policy.  We offer 14 days to return item after receiving it. If item is defective we will supply return shipping label. Item must be returned in original packaging with all accessories included. We also charge a 15% restocking fee for cancelled transactions that are not shipped#comma# or we let it go to eBay as an unpaid bidder case.  Do Not Bid If You Do Not Intend To Follow Through!,,,,US,0,0,0,0,0,1,100,5,2,Days_30,4,1,-1,1,,,,,
431,VerifyAdd,Failure,21916519,#quote#Error - Listing is missing required item specific(s): #quote##quote#Brand#comma# Style#comma# US Shoe Size (Women's)#quote##quote#. Please provide the required item specifics.|Brand#comma# Style#comma# US Shoe Size (Women's)|53557|#quote#,,,,,,,,,,,,,,,,,,,,,,,,,,,,,,4NV962NBRS100,,,,,,,,,,,,VerifyAdd,53557,Carrini WM Faux Suede Boot Brown 10                ,,<html><body>empty</body></html>,1000,,http://images.nationalgeographic.com/wpf/media-live/photos/000/687/cache/bonobo-congo-ziegler_68751_990x742.jpg,1,Auction,0.01,,3,0,55406,Gallery,1,sales@skygroupcloseouts.com,If you need a revised invoice for combined shipping#comma# please contact us before paying so we can adjust the shipping costs.,,,,Flat,6.875,MN,1,0,55406,FedExHomeDelivery,12,1,10,1,4NV962NBRS100,ReturnsAccepted,MoneyBackOrExchange,Days_14,Buyer,Please contact us before returning any item. Items listed AS-IS or For Parts/Repair are not covered by our return policy.  We offer 14 days to return item after receiving it. If item is defective we will supply return shipping label. Item must be returned in original packaging with all accessories included. We also charge a 15% restocking fee for cancelled transactions that are not shipped#comma# or we let it go to eBay as an unpaid bidder case.  Do Not Bid If You Do Not Intend To Follow Through!,,,,US,0,0,0,0,0,1,100,5,2,Days_30,4,1,-1,1,,,,,
432,VerifyAdd,Failure,21916519,#quote#Error - Listing is missing required item specific(s): #quote##quote#Brand#comma# Style#comma# US Shoe Size (Women's)#quote##quote#. Please provide the required item specifics.|Brand#comma# Style#comma# US Shoe Size (Women's)|53557|#quote#,,,,,,,,,,,,,,,,,,,,,,,,,,,,,,4NV962NGRS100,,,,,,,,,,,,VerifyAdd,53557,Carrini WM Faux Suede Boot Gray 10                 ,,<html><body>empty</body></html>,1000,,http://images.nationalgeographic.com/wpf/media-live/photos/000/687/cache/bonobo-congo-ziegler_68751_990x742.jpg,1,Auction,0.01,,3,0,55406,Gallery,1,sales@skygroupcloseouts.com,If you need a revised invoice for combined shipping#comma# please contact us before paying so we can adjust the shipping costs.,,,,Flat,6.875,MN,1,0,55406,FedExHomeDelivery,12,1,10,1,4NV962NGRS100,ReturnsAccepted,MoneyBackOrExchange,Days_14,Buyer,Please contact us before returning any item. Items listed AS-IS or For Parts/Repair are not covered by our return policy.  We offer 14 days to return item after receiving it. If item is defective we will supply return shipping label. Item must be returned in original packaging with all accessories included. We also charge a 15% restocking fee for cancelled transactions that are not shipped#comma# or we let it go to eBay as an unpaid bidder case.  Do Not Bid If You Do Not Intend To Follow Through!,,,,US,0,0,0,0,0,1,100,5,2,Days_30,4,1,-1,1,,,,,
433,VerifyAdd,Failure,21916519,#quote#Error - Listing is missing required item specific(s): #quote##quote#Brand#comma# Style#comma# US Shoe Size (Women's)#quote##quote#. Please provide the required item specifics.|Brand#comma# Style#comma# US Shoe Size (Women's)|53557|#quote#,,,,,,,,,,,,,,,,,,,,,,,,,,,,,,4QB692NBLS095,,,,,,,,,,,,VerifyAdd,53557,Bando WM Atchinson W DemiWedge Black 9 1/2         ,,<html><body>empty</body></html>,1000,,http://images.nationalgeographic.com/wpf/media-live/photos/000/687/cache/bonobo-congo-ziegler_68751_990x742.jpg,1,Auction,0.01,,3,0,55406,Gallery,1,sales@skygroupcloseouts.com,If you need a revised invoice for combined shipping#comma# please contact us before paying so we can adjust the shipping costs.,,,,Flat,6.875,MN,1,0,55406,FedExHomeDelivery,12,1,10,1,4QB692NBLS095,ReturnsAccepted,MoneyBackOrExchange,Days_14,Buyer,Please contact us before returning any item. Items listed AS-IS or For Parts/Repair are not covered by our return policy.  We offer 14 days to return item after receiving it. If item is defective we will supply return shipping label. Item must be returned in original packaging with all accessories included. We also charge a 15% restocking fee for cancelled transactions that are not shipped#comma# or we let it go to eBay as an unpaid bidder case.  Do Not Bid If You Do Not Intend To Follow Through!,,,,US,0,0,0,0,0,1,100,5,2,Days_30,4,1,-1,1,,,,,
434,VerifyAdd,Failure,21916519,#quote#Error - Listing is missing required item specific(s): #quote##quote#Brand#comma# Style#comma# US Shoe Size (Women's)#quote##quote#. Please provide the required item specifics.|Brand#comma# Style#comma# US Shoe Size (Women's)|53557|#quote#,,,,,,,,,,,,,,,,,,,,,,,,,,,,,,4NU060NWHS060,,,,,,,,,,,,VerifyAdd,53557,Bearpaw WM Boetis Boot White 6                     ,,<html><body>empty</body></html>,1000,,http://images.nationalgeographic.com/wpf/media-live/photos/000/687/cache/bonobo-congo-ziegler_68751_990x742.jpg,1,Auction,0.01,,3,0,55406,Gallery,1,sales@skygroupcloseouts.com,If you need a revised invoice for combined shipping#comma# please contact us before paying so we can adjust the shipping costs.,,,,Flat,6.875,MN,1,0,55406,FedExHomeDelivery,12,1,10,1,4NU060NWHS060,ReturnsAccepted,MoneyBackOrExchange,Days_14,Buyer,Please contact us before returning any item. Items listed AS-IS or For Parts/Repair are not covered by our return policy.  We offer 14 days to return item after receiving it. If item is defective we will supply return shipping label. Item must be returned in original packaging with all accessories included. We also charge a 15% restocking fee for cancelled transactions that are not shipped#comma# or we let it go to eBay as an unpaid bidder case.  Do Not Bid If You Do Not Intend To Follow Through!,,,,US,0,0,0,0,0,1,100,5,2,Days_30,4,1,-1,1,,,,,
435,VerifyAdd,Failure,21916519,#quote#Error - Listing is missing required item specific(s): #quote##quote#Brand#comma# Style#comma# US Shoe Size (Women's)#quote##quote#. Please provide the required item specifics.|Brand#comma# Style#comma# US Shoe Size (Women's)|53557|#quote#,,,,,,,,,,,,,,,,,,,,,,,,,,,,,,4NF101RPKS080,,,,,,,,,,,,VerifyAdd,53557,Itasca WM Tahoe Boot Pink 8                        ,,<html><body>empty</body></html>,1000,,http://images.nationalgeographic.com/wpf/media-live/photos/000/687/cache/bonobo-congo-ziegler_68751_990x742.jpg,1,Auction,0.01,,3,0,55406,Gallery,1,sales@skygroupcloseouts.com,If you need a revised invoice for combined shipping#comma# please contact us before paying so we can adjust the shipping costs.,,,,Flat,6.875,MN,1,0,55406,FedExHomeDelivery,12,1,10,1,4NF101RPKS080,ReturnsAccepted,MoneyBackOrExchange,Days_14,Buyer,Please contact us before returning any item. Items listed AS-IS or For Parts/Repair are not covered by our return policy.  We offer 14 days to return item after receiving it. If item is defective we will supply return shipping label. Item must be returned in original packaging with all accessories included. We also charge a 15% restocking fee for cancelled transactions that are not shipped#comma# or we let it go to eBay as an unpaid bidder case.  Do Not Bid If You Do Not Intend To Follow Through!,,,,US,0,0,0,0,0,1,100,5,2,Days_30,4,1,-1,1,,,,,
436,VerifyAdd,Failure,21916519,#quote#Error - Listing is missing required item specific(s): #quote##quote#Brand#comma# Style#comma# US Shoe Size (Women's)#quote##quote#. Please provide the required item specifics.|Brand#comma# Style#comma# US Shoe Size (Women's)|53557|#quote#,,,,,,,,,,,,,,,,,,,,,,,,,,,,,,4NX962NTNS085,,,,,,,,,,,,VerifyAdd,53557,Dan Post Ladies Santa Rosa Boo Tan 8 1/2           ,,<html><body>empty</body></html>,1000,,http://images.nationalgeographic.com/wpf/media-live/photos/000/687/cache/bonobo-congo-ziegler_68751_990x742.jpg,1,Auction,0.01,,3,0,55406,Gallery,1,sales@skygroupcloseouts.com,If you need a revised invoice for combined shipping#comma# please contact us before paying so we can adjust the shipping costs.,,,,Flat,6.875,MN,1,0,55406,FedExHomeDelivery,12,1,10,1,4NX962NTNS085,ReturnsAccepted,MoneyBackOrExchange,Days_14,Buyer,Please contact us before returning any item. Items listed AS-IS or For Parts/Repair are not covered by our return policy.  We offer 14 days to return item after receiving it. If item is defective we will supply return shipping label. Item must be returned in original packaging with all accessories included. We also charge a 15% restocking fee for cancelled transactions that are not shipped#comma# or we let it go to eBay as an unpaid bidder case.  Do Not Bid If You Do Not Intend To Follow Through!,,,,US,0,0,0,0,0,1,100,5,2,Days_30,4,1,-1,1,,,,,
437,VerifyAdd,Failure,21916519,#quote#Error - Listing is missing required item specific(s): #quote##quote#Brand#comma# Style#comma# US Shoe Size (Women's)#quote##quote#. Please provide the required item specifics.|Brand#comma# Style#comma# US Shoe Size (Women's)|53557|#quote#,,,,,,,,,,,,,,,,,,,,,,,,,,,,,,4NX955NBRS090,,,,,,,,,,,,VerifyAdd,53557,Dingo Ladies Pretender Boots Brown 9               ,,<html><body>empty</body></html>,1000,,http://images.nationalgeographic.com/wpf/media-live/photos/000/687/cache/bonobo-congo-ziegler_68751_990x742.jpg,1,Auction,0.01,,3,0,55406,Gallery,1,sales@skygroupcloseouts.com,If you need a revised invoice for combined shipping#comma# please contact us before paying so we can adjust the shipping costs.,,,,Flat,6.875,MN,1,0,55406,FedExHomeDelivery,12,1,10,1,4NX955NBRS090,ReturnsAccepted,MoneyBackOrExchange,Days_14,Buyer,Please contact us before returning any item. Items listed AS-IS or For Parts/Repair are not covered by our return policy.  We offer 14 days to return item after receiving it. If item is defective we will supply return shipping label. Item must be returned in original packaging with all accessories included. We also charge a 15% restocking fee for cancelled transactions that are not shipped#comma# or we let it go to eBay as an unpaid bidder case.  Do Not Bid If You Do Not Intend To Follow Through!,,,,US,0,0,0,0,0,1,100,5,2,Days_30,4,1,-1,1,,,,,
438,VerifyAdd,Failure,21916519,#quote#Error - Listing is missing required item specific(s): #quote##quote#Brand#comma# Style#comma# US Shoe Size (Women's)#quote##quote#. Please provide the required item specifics.|Brand#comma# Style#comma# US Shoe Size (Women's)|53557|#quote#,,,,,,,,,,,,,,,,,,,,,,,,,,,,,,4QC662NCABUXL,,,,,,,,,,,,VerifyAdd,53557,SteveMaddenMissHigh-Low HemJkt Camel XL            ,,<html><body>empty</body></html>,1000,,http://images.nationalgeographic.com/wpf/media-live/photos/000/687/cache/bonobo-congo-ziegler_68751_990x742.jpg,1,Auction,0.01,,3,0,55406,Gallery,1,sales@skygroupcloseouts.com,If you need a revised invoice for combined shipping#comma# please contact us before paying so we can adjust the shipping costs.,,,,Flat,6.875,MN,1,0,55406,FedExHomeDelivery,12,1,10,1,4QC662NCABUXL,ReturnsAccepted,MoneyBackOrExchange,Days_14,Buyer,Please contact us before returning any item. Items listed AS-IS or For Parts/Repair are not covered by our return policy.  We offer 14 days to return item after receiving it. If item is defective we will supply return shipping label. Item must be returned in original packaging with all accessories included. We also charge a 15% restocking fee for cancelled transactions that are not shipped#comma# or we let it go to eBay as an unpaid bidder case.  Do Not Bid If You Do Not Intend To Follow Through!,,,,US,0,0,0,0,0,1,100,5,2,Days_30,4,1,-1,1,,,,,
439,VerifyAdd,Failure,21916519,#quote#Error - Listing is missing required item specific(s): #quote##quote#Brand#comma# Style#comma# US Shoe Size (Women's)#quote##quote#. Please provide the required item specifics.|Brand#comma# Style#comma# US Shoe Size (Women's)|53557|#quote#,,,,,,,,,,,,,,,,,,,,,,,,,,,,,,4NV962NBLS110,,,,,,,,,,,,VerifyAdd,53557,Carrini WM Faux Suede Boot Black 11                ,,<html><body>empty</body></html>,1000,,http://images.nationalgeographic.com/wpf/media-live/photos/000/687/cache/bonobo-congo-ziegler_68751_990x742.jpg,1,Auction,0.01,,3,0,55406,Gallery,1,sales@skygroupcloseouts.com,If you need a revised invoice for combined shipping#comma# please contact us before paying so we can adjust the shipping costs.,,,,Flat,6.875,MN,1,0,55406,FedExHomeDelivery,12,1,10,1,4NV962NBLS110,ReturnsAccepted,MoneyBackOrExchange,Days_14,Buyer,Please contact us before returning any item. Items listed AS-IS or For Parts/Repair are not covered by our return policy.  We offer 14 days to return item after receiving it. If item is defective we will supply return shipping label. Item must be returned in original packaging with all accessories included. We also charge a 15% restocking fee for cancelled transactions that are not shipped#comma# or we let it go to eBay as an unpaid bidder case.  Do Not Bid If You Do Not Intend To Follow Through!,,,,US,0,0,0,0,0,1,100,5,2,Days_30,4,1,-1,1,,,,,
440,VerifyAdd,Failure,21916519,#quote#Error - Listing is missing required item specific(s): #quote##quote#Brand#comma# Style#comma# US Shoe Size (Women's)#quote##quote#. Please provide the required item specifics.|Brand#comma# Style#comma# US Shoe Size (Women's)|53557|#quote#,,,,,,,,,,,,,,,,,,,,,,,,,,,,,,4NU002NBLS080,,,,,,,,,,,,VerifyAdd,53557,Bearpaw WM Emma10#quote# Boot Black 8                    ,,<html><body>empty</body></html>,1000,,http://images.nationalgeographic.com/wpf/media-live/photos/000/687/cache/bonobo-congo-ziegler_68751_990x742.jpg,1,Auction,0.01,,3,0,55406,Gallery,1,sales@skygroupcloseouts.com,If you need a revised invoice for combined shipping#comma# please contact us before paying so we can adjust the shipping costs.,,,,Flat,6.875,MN,1,0,55406,FedExHomeDelivery,12,1,10,1,4NU002NBLS080,ReturnsAccepted,MoneyBackOrExchange,Days_14,Buyer,Please contact us before returning any item. Items listed AS-IS or For Parts/Repair are not covered by our return policy.  We offer 14 days to return item after receiving it. If item is defective we will supply return shipping label. Item must be returned in original packaging with all accessories included. We also charge a 15% restocking fee for cancelled transactions that are not shipped#comma# or we let it go to eBay as an unpaid bidder case.  Do Not Bid If You Do Not Intend To Follow Through!,,,,US,0,0,0,0,0,1,100,5,2,Days_30,4,1,-1,1,,,,,
441,VerifyAdd,Failure,21916519,#quote#Error - Listing is missing required item specific(s): #quote##quote#Brand#comma# Style#comma# US Shoe Size (Women's)#quote##quote#. Please provide the required item specifics.|Brand#comma# Style#comma# US Shoe Size (Women's)|53557|#quote#,,,,,,,,,,,,,,,,,,,,,,,,,,,,,,4PX556REDS095,,,,,,,,,,,,VerifyAdd,53557,FS WM Crispin Espadrille sandl Red 9 1/2           ,,<html><body>empty</body></html>,1000,,http://images.nationalgeographic.com/wpf/media-live/photos/000/687/cache/bonobo-congo-ziegler_68751_990x742.jpg,1,Auction,0.01,,3,0,55406,Gallery,1,sales@skygroupcloseouts.com,If you need a revised invoice for combined shipping#comma# please contact us before paying so we can adjust the shipping costs.,,,,Flat,6.875,MN,1,0,55406,FedExHomeDelivery,12,1,10,1,4PX556REDS095,ReturnsAccepted,MoneyBackOrExchange,Days_14,Buyer,Please contact us before returning any item. Items listed AS-IS or For Parts/Repair are not covered by our return policy.  We offer 14 days to return item after receiving it. If item is defective we will supply return shipping label. Item must be returned in original packaging with all accessories included. We also charge a 15% restocking fee for cancelled transactions that are not shipped#comma# or we let it go to eBay as an unpaid bidder case.  Do Not Bid If You Do Not Intend To Follow Through!,,,,US,0,0,0,0,0,1,100,5,2,Days_30,4,1,-1,1,,,,,
442,VerifyAdd,Failure,21916519,#quote#Error - Listing is missing required item specific(s): #quote##quote#Brand#comma# Style#comma# US Shoe Size (Women's)#quote##quote#. Please provide the required item specifics.|Brand#comma# Style#comma# US Shoe Size (Women's)|53557|#quote#,,,,,,,,,,,,,,,,,,,,,,,,,,,,,,4PY667NLU0010,,,,,,,,,,,,VerifyAdd,53557,Relic Norwood N/S Tote Luggage                     ,,<html><body>empty</body></html>,1000,,http://images.nationalgeographic.com/wpf/media-live/photos/000/687/cache/bonobo-congo-ziegler_68751_990x742.jpg,1,Auction,0.01,,3,0,55406,Gallery,1,sales@skygroupcloseouts.com,If you need a revised invoice for combined shipping#comma# please contact us before paying so we can adjust the shipping costs.,,,,Flat,6.875,MN,1,0,55406,FedExHomeDelivery,12,1,10,1,4PY667NLU0010,ReturnsAccepted,MoneyBackOrExchange,Days_14,Buyer,Please contact us before returning any item. Items listed AS-IS or For Parts/Repair are not covered by our return policy.  We offer 14 days to return item after receiving it. If item is defective we will supply return shipping label. Item must be returned in original packaging with all accessories included. We also charge a 15% restocking fee for cancelled transactions that are not shipped#comma# or we let it go to eBay as an unpaid bidder case.  Do Not Bid If You Do Not Intend To Follow Through!,,,,US,0,0,0,0,0,1,100,5,2,Days_30,4,1,-1,1,,,,,
443,VerifyAdd,Failure,21916519,#quote#Error - Listing is missing required item specific(s): #quote##quote#Brand#comma# Style#comma# US Shoe Size (Women's)#quote##quote#. Please provide the required item specifics.|Brand#comma# Style#comma# US Shoe Size (Women's)|53557|#quote#,,,,,,,,,,,,,,,,,,,,,,,,,,,,,,4NF101NBLS090,,,,,,,,,,,,VerifyAdd,53557,Itasca WM Tahoe Boot Black 9                       ,,<html><body>empty</body></html>,1000,,http://images.nationalgeographic.com/wpf/media-live/photos/000/687/cache/bonobo-congo-ziegler_68751_990x742.jpg,1,Auction,0.01,,3,0,55406,Gallery,1,sales@skygroupcloseouts.com,If you need a revised invoice for combined shipping#comma# please contact us before paying so we can adjust the shipping costs.,,,,Flat,6.875,MN,1,0,55406,FedExHomeDelivery,12,1,10,1,4NF101NBLS090,ReturnsAccepted,MoneyBackOrExchange,Days_14,Buyer,Please contact us before returning any item. Items listed AS-IS or For Parts/Repair are not covered by our return policy.  We offer 14 days to return item after receiving it. If item is defective we will supply return shipping label. Item must be returned in original packaging with all accessories included. We also charge a 15% restocking fee for cancelled transactions that are not shipped#comma# or we let it go to eBay as an unpaid bidder case.  Do Not Bid If You Do Not Intend To Follow Through!,,,,US,0,0,0,0,0,1,100,5,2,Days_30,4,1,-1,1,,,,,
444,VerifyAdd,Failure,21916519,#quote#Error - Listing is missing required item specific(s): #quote##quote#Brand#comma# Style#comma# US Shoe Size (Women's)#quote##quote#. Please provide the required item specifics.|Brand#comma# Style#comma# US Shoe Size (Women's)|53557|#quote#,,,,,,,,,,,,,,,,,,,,,,,,,,,,,,4NV962NGRS110,,,,,,,,,,,,VerifyAdd,53557,Carrini WM Faux Suede Boot Gray 11                 ,,<html><body>empty</body></html>,1000,,http://images.nationalgeographic.com/wpf/media-live/photos/000/687/cache/bonobo-congo-ziegler_68751_990x742.jpg,1,Auction,0.01,,3,0,55406,Gallery,1,sales@skygroupcloseouts.com,If you need a revised invoice for combined shipping#comma# please contact us before paying so we can adjust the shipping costs.,,,,Flat,6.875,MN,1,0,55406,FedExHomeDelivery,12,1,10,1,4NV962NGRS110,ReturnsAccepted,MoneyBackOrExchange,Days_14,Buyer,Please contact us before returning any item. Items listed AS-IS or For Parts/Repair are not covered by our return policy.  We offer 14 days to return item after receiving it. If item is defective we will supply return shipping label. Item must be returned in original packaging with all accessories included. We also charge a 15% restocking fee for cancelled transactions that are not shipped#comma# or we let it go to eBay as an unpaid bidder case.  Do Not Bid If You Do Not Intend To Follow Through!,,,,US,0,0,0,0,0,1,100,5,2,Days_30,4,1,-1,1,,,,,
445,VerifyAdd,Failure,21916519,#quote#Error - Listing is missing required item specific(s): #quote##quote#Brand#comma# Style#comma# US Shoe Size (Women's)#quote##quote#. Please provide the required item specifics.|Brand#comma# Style#comma# US Shoe Size (Women's)|53557|#quote#,,,,,,,,,,,,,,,,,,,,,,,,,,,,,,4NU002NBLS060,,,,,,,,,,,,VerifyAdd,53557,Bearpaw WM Emma 10#quote# Boot Black 6                   ,,<html><body>empty</body></html>,1000,,http://images.nationalgeographic.com/wpf/media-live/photos/000/687/cache/bonobo-congo-ziegler_68751_990x742.jpg,1,Auction,0.01,,3,0,55406,Gallery,1,sales@skygroupcloseouts.com,If you need a revised invoice for combined shipping#comma# please contact us before paying so we can adjust the shipping costs.,,,,Flat,6.875,MN,1,0,55406,FedExHomeDelivery,12,1,10,1,4NU002NBLS060,ReturnsAccepted,MoneyBackOrExchange,Days_14,Buyer,Please contact us before returning any item. Items listed AS-IS or For Parts/Repair are not covered by our return policy.  We offer 14 days to return item after receiving it. If item is defective we will supply return shipping label. Item must be returned in original packaging with all accessories included. We also charge a 15% restocking fee for cancelled transactions that are not shipped#comma# or we let it go to eBay as an unpaid bidder case.  Do Not Bid If You Do Not Intend To Follow Through!,,,,US,0,0,0,0,0,1,100,5,2,Days_30,4,1,-1,1,,,,,
448,VerifyAdd,Failure,21916519,#quote#Error - Listing is missing required item specific(s): #quote##quote#Brand#comma# Style#comma# US Shoe Size (Women's)#quote##quote#. Please provide the required item specifics.|Brand#comma# Style#comma# US Shoe Size (Women's)|55793|#quote#,,,,,,,,,,,,,,,,,,,,,,,,,,,,,,4PX616NBLS065,,,,,,,,,,,,VerifyAdd,55793,Bucco Diviana Donut Wedge Black 6 1/2              ,,<html><body>empty</body></html>,1000,,http://images.nationalgeographic.com/wpf/media-live/photos/000/687/cache/bonobo-congo-ziegler_68751_990x742.jpg,1,Auction,0.01,,3,0,55406,Gallery,1,sales@skygroupcloseouts.com,If you need a revised invoice for combined shipping#comma# please contact us before paying so we can adjust the shipping costs.,,,,Flat,6.875,MN,1,0,55406,FedExHomeDelivery,12,1,10,1,4PX616NBLS065,ReturnsAccepted,MoneyBackOrExchange,Days_14,Buyer,Please contact us before returning any item. Items listed AS-IS or For Parts/Repair are not covered by our return policy.  We offer 14 days to return item after receiving it. If item is defective we will supply return shipping label. Item must be returned in original packaging with all accessories included. We also charge a 15% restocking fee for cancelled transactions that are not shipped#comma# or we let it go to eBay as an unpaid bidder case.  Do Not Bid If You Do Not Intend To Follow Through!,,,,US,0,0,0,0,0,1,100,5,2,Days_30,4,1,-1,1,,,,,
449,VerifyAdd,Failure,21916519,#quote#Error - Listing is missing required item specific(s): #quote##quote#Brand#comma# Style#comma# US Shoe Size (Women's)#quote##quote#. Please provide the required item specifics.|Brand#comma# Style#comma# US Shoe Size (Women's)|55793|#quote#,,,,,,,,,,,,,,,,,,,,,,,,,,,,,,4PS620BNTJ011,,,,,,,,,,,,VerifyAdd,55793,Converse CT AS Hi Top Hawaiian Navy Print 11       ,,<html><body>empty</body></html>,1000,,http://images.nationalgeographic.com/wpf/media-live/photos/000/687/cache/bonobo-congo-ziegler_68751_990x742.jpg,1,Auction,0.01,,3,0,55406,Gallery,1,sales@skygroupcloseouts.com,If you need a revised invoice for combined shipping#comma# please contact us before paying so we can adjust the shipping costs.,,,,Flat,6.875,MN,1,0,55406,FedExHomeDelivery,12,1,10,1,4PS620BNTJ011,ReturnsAccepted,MoneyBackOrExchange,Days_14,Buyer,Please contact us before returning any item. Items listed AS-IS or For Parts/Repair are not covered by our return policy.  We offer 14 days to return item after receiving it. If item is defective we will supply return shipping label. Item must be returned in original packaging with all accessories included. We also charge a 15% restocking fee for cancelled transactions that are not shipped#comma# or we let it go to eBay as an unpaid bidder case.  Do Not Bid If You Do Not Intend To Follow Through!,,,,US,0,0,0,0,0,1,100,5,2,Days_30,4,1,-1,1,,,,,
450,VerifyAdd,Failure,21916519,#quote#Error - Listing is missing required item specific(s): #quote##quote#Brand#comma# Style#comma# US Shoe Size (Women's)#quote##quote#. Please provide the required item specifics.|Brand#comma# Style#comma# US Shoe Size (Women's)|55793|#quote#,,,,,,,,,,,,,,,,,,,,,,,,,,,,,,4PW592000A2XL,,,,,,,,,,,,VerifyAdd,55793,JessSimp Wm Camarillo Dress 2 XL                   ,,<html><body>empty</body></html>,1000,,http://images.nationalgeographic.com/wpf/media-live/photos/000/687/cache/bonobo-congo-ziegler_68751_990x742.jpg,1,Auction,0.01,,3,0,55406,Gallery,1,sales@skygroupcloseouts.com,If you need a revised invoice for combined shipping#comma# please contact us before paying so we can adjust the shipping costs.,,,,Flat,6.875,MN,1,0,55406,FedExHomeDelivery,12,1,10,1,4PW592000A2XL,ReturnsAccepted,MoneyBackOrExchange,Days_14,Buyer,Please contact us before returning any item. Items listed AS-IS or For Parts/Repair are not covered by our return policy.  We offer 14 days to return item after receiving it. If item is defective we will supply return shipping label. Item must be returned in original packaging with all accessories included. We also charge a 15% restocking fee for cancelled transactions that are not shipped#comma# or we let it go to eBay as an unpaid bidder case.  Do Not Bid If You Do Not Intend To Follow Through!,,,,US,0,0,0,0,0,1,100,5,2,Days_30,4,1,-1,1,,,,,
452,VerifyAdd,Failure,21916519,#quote#Error - Listing is missing required item specific(s): #quote##quote#Brand#comma# Style#comma# Size Type#comma# Size (Men's)#quote##quote#. Please provide the required item specifics.|Brand#comma# Style#comma# Size Type#comma# Size (Men's)|57988|#quote#,,,,,,,,,,,,,,,,,,,,,,,,,,,,,,4PF223NAF0010,,,,,,,,,,,,VerifyAdd,57988,EclipseTavrnBOTherm 63#quote#Panel-Cafe                  ,,<html><body>empty</body></html>,1000,,http://images.nationalgeographic.com/wpf/media-live/photos/000/687/cache/bonobo-congo-ziegler_68751_990x742.jpg,1,Auction,0.01,,3,0,55406,Gallery,1,sales@skygroupcloseouts.com,If you need a revised invoice for combined shipping#comma# please contact us before paying so we can adjust the shipping costs.,,,,Flat,6.875,MN,1,0,55406,FedExHomeDelivery,12,1,10,1,4PF223NAF0010,ReturnsAccepted,MoneyBackOrExchange,Days_14,Buyer,Please contact us before returning any item. Items listed AS-IS or For Parts/Repair are not covered by our return policy.  We offer 14 days to return item after receiving it. If item is defective we will supply return shipping label. Item must be returned in original packaging with all accessories included. We also charge a 15% restocking fee for cancelled transactions that are not shipped#comma# or we let it go to eBay as an unpaid bidder case.  Do Not Bid If You Do Not Intend To Follow Through!,,,,US,0,0,0,0,0,1,100,5,2,Days_30,4,1,-1,1,,,,,
453,VerifyAdd,Failure,21916519,#quote#Error - Listing is missing required item specific(s): #quote##quote#Brand#comma# Style#comma# Size Type#comma# Size (Men's)#quote##quote#. Please provide the required item specifics.|Brand#comma# Style#comma# Size Type#comma# Size (Men's)|57988|#quote#,,,,,,,,,,,,,,,,,,,,,,,,,,,,,,4PR689000A1XL,,,,,,,,,,,,VerifyAdd,57988,Westside Wm Colorblock MaxiDrs 1X                  ,,<html><body>empty</body></html>,1000,,http://images.nationalgeographic.com/wpf/media-live/photos/000/687/cache/bonobo-congo-ziegler_68751_990x742.jpg,1,Auction,0.01,,3,0,55406,Gallery,1,sales@skygroupcloseouts.com,If you need a revised invoice for combined shipping#comma# please contact us before paying so we can adjust the shipping costs.,,,,Flat,6.875,MN,1,0,55406,FedExHomeDelivery,12,1,10,1,4PR689000A1XL,ReturnsAccepted,MoneyBackOrExchange,Days_14,Buyer,Please contact us before returning any item. Items listed AS-IS or For Parts/Repair are not covered by our return policy.  We offer 14 days to return item after receiving it. If item is defective we will supply return shipping label. Item must be returned in original packaging with all accessories included. We also charge a 15% restocking fee for cancelled transactions that are not shipped#comma# or we let it go to eBay as an unpaid bidder case.  Do Not Bid If You Do Not Intend To Follow Through!,,,,US,0,0,0,0,0,1,100,5,2,Days_30,4,1,-1,1,,,,,
454,VerifyAdd,Failure,21916519,#quote#Error - Listing is missing required item specific(s): #quote##quote#Brand#comma# Style#comma# Size Type#comma# Size (Men's)#quote##quote#. Please provide the required item specifics.|Brand#comma# Style#comma# Size Type#comma# Size (Men's)|57988|#quote#,,,,,,,,,,,,,,,,,,,,,,,,,,,,,,4P9261NCHMNXL,,,,,,,,,,,,VerifyAdd,57988,Carhartt Therm Hooded Swtshrt Charcoal XL46-48     ,,<html><body>empty</body></html>,1000,,http://images.nationalgeographic.com/wpf/media-live/photos/000/687/cache/bonobo-congo-ziegler_68751_990x742.jpg,1,Auction,0.01,,3,0,55406,Gallery,1,sales@skygroupcloseouts.com,If you need a revised invoice for combined shipping#comma# please contact us before paying so we can adjust the shipping costs.,,,,Flat,6.875,MN,1,0,55406,FedExHomeDelivery,12,1,10,1,4P9261NCHMNXL,ReturnsAccepted,MoneyBackOrExchange,Days_14,Buyer,Please contact us before returning any item. Items listed AS-IS or For Parts/Repair are not covered by our return policy.  We offer 14 days to return item after receiving it. If item is defective we will supply return shipping label. Item must be returned in original packaging with all accessories included. We also charge a 15% restocking fee for cancelled transactions that are not shipped#comma# or we let it go to eBay as an unpaid bidder case.  Do Not Bid If You Do Not Intend To Follow Through!,,,,US,0,0,0,0,0,1,100,5,2,Days_30,4,1,-1,1,,,,,
455,VerifyAdd,Failure,21916519,#quote#Error - Listing is missing required item specific(s): #quote##quote#Brand#comma# Style#comma# Size Type#comma# Size (Men's)#quote##quote#. Please provide the required item specifics.|Brand#comma# Style#comma# Size Type#comma# Size (Men's)|57988|#quote#,,,,,,,,,,,,,,,,,,,,,,,,,,,,,,4H7480000AMED,,,,,,,,,,,,VerifyAdd,57988,Carhartt Sierra Hooded Jacket Dk Brown Medium      ,,<html><body>empty</body></html>,1000,,http://images.nationalgeographic.com/wpf/media-live/photos/000/687/cache/bonobo-congo-ziegler_68751_990x742.jpg,1,Auction,0.01,,3,0,55406,Gallery,1,sales@skygroupcloseouts.com,If you need a revised invoice for combined shipping#comma# please contact us before paying so we can adjust the shipping costs.,,,,Flat,6.875,MN,1,0,55406,FedExHomeDelivery,12,1,10,1,4H7480000AMED,ReturnsAccepted,MoneyBackOrExchange,Days_14,Buyer,Please contact us before returning any item. Items listed AS-IS or For Parts/Repair are not covered by our return policy.  We offer 14 days to return item after receiving it. If item is defective we will supply return shipping label. Item must be returned in original packaging with all accessories included. We also charge a 15% restocking fee for cancelled transactions that are not shipped#comma# or we let it go to eBay as an unpaid bidder case.  Do Not Bid If You Do Not Intend To Follow Through!,,,,US,0,0,0,0,0,1,100,5,2,Days_30,4,1,-1,1,,,,,
456,VerifyAdd,Failure,21916519,#quote#Error - Listing is missing required item specific(s): #quote##quote#Brand#comma# Style#comma# Size Type#comma# Size (Men's)#quote##quote#. Please provide the required item specifics.|Brand#comma# Style#comma# Size Type#comma# Size (Men's)|57988|#quote#,,,,,,,,,,,,,,,,,,,,,,,,,,,,,,4PH721GOLWJ26,,,,,,,,,,,,VerifyAdd,57988,JessSimpson Ms Kiss Me Jegging Olive 26            ,,<html><body>empty</body></html>,1000,,http://images.nationalgeographic.com/wpf/media-live/photos/000/687/cache/bonobo-congo-ziegler_68751_990x742.jpg,1,Auction,0.01,,3,0,55406,Gallery,1,sales@skygroupcloseouts.com,If you need a revised invoice for combined shipping#comma# please contact us before paying so we can adjust the shipping costs.,,,,Flat,6.875,MN,1,0,55406,FedExHomeDelivery,12,1,10,1,4PH721GOLWJ26,ReturnsAccepted,MoneyBackOrExchange,Days_14,Buyer,Please contact us before returning any item. Items listed AS-IS or For Parts/Repair are not covered by our return policy.  We offer 14 days to return item after receiving it. If item is defective we will supply return shipping label. Item must be returned in original packaging with all accessories included. We also charge a 15% restocking fee for cancelled transactions that are not shipped#comma# or we let it go to eBay as an unpaid bidder case.  Do Not Bid If You Do Not Intend To Follow Through!,,,,US,0,0,0,0,0,1,100,5,2,Days_30,4,1,-1,1,,,,,
457,VerifyAdd,Failure,21916519,#quote#Error - Listing is missing required item specific(s): #quote##quote#Brand#comma# Style#comma# Size Type#comma# Size (Men's)#quote##quote#. Please provide the required item specifics.|Brand#comma# Style#comma# Size Type#comma# Size (Men's)|57988|#quote#,,,,,,,,,,,,,,,,,,,,,,,,,,,,,,4P9350NBLT3XL,,,,,,,,,,,,VerifyAdd,57988,Carhartt Duck Act Jac/Therm B/T Black Tall3XL      ,,<html><body>empty</body></html>,1000,,http://images.nationalgeographic.com/wpf/media-live/photos/000/687/cache/bonobo-congo-ziegler_68751_990x742.jpg,1,Auction,0.01,,3,0,55406,Gallery,1,sales@skygroupcloseouts.com,If you need a revised invoice for combined shipping#comma# please contact us before paying so we can adjust the shipping costs.,,,,Flat,6.875,MN,1,0,55406,FedExHomeDelivery,12,1,10,1,4P9350NBLT3XL,ReturnsAccepted,MoneyBackOrExchange,Days_14,Buyer,Please contact us before returning any item. Items listed AS-IS or For Parts/Repair are not covered by our return policy.  We offer 14 days to return item after receiving it. If item is defective we will supply return shipping label. Item must be returned in original packaging with all accessories included. We also charge a 15% restocking fee for cancelled transactions that are not shipped#comma# or we let it go to eBay as an unpaid bidder case.  Do Not Bid If You Do Not Intend To Follow Through!,,,,US,0,0,0,0,0,1,100,5,2,Days_30,4,1,-1,1,,,,,
458,VerifyAdd,Failure,21916519,#quote#Error - Listing is missing required item specific(s): #quote##quote#Brand#comma# Style#comma# Size Type#comma# Size (Men's)#quote##quote#. Please provide the required item specifics.|Brand#comma# Style#comma# Size Type#comma# Size (Men's)|57988|#quote#,,,,,,,,,,,,,,,,,,,,,,,,,,,,,,4PX202000AXLG,,,,,,,,,,,,VerifyAdd,57988,SpRotten Ms Flower Print Top X Large               ,,<html><body>empty</body></html>,1000,,http://images.nationalgeographic.com/wpf/media-live/photos/000/687/cache/bonobo-congo-ziegler_68751_990x742.jpg,1,Auction,0.01,,3,0,55406,Gallery,1,sales@skygroupcloseouts.com,If you need a revised invoice for combined shipping#comma# please contact us before paying so we can adjust the shipping costs.,,,,Flat,6.875,MN,1,0,55406,FedExHomeDelivery,12,1,10,1,4PX202000AXLG,ReturnsAccepted,MoneyBackOrExchange,Days_14,Buyer,Please contact us before returning any item. Items listed AS-IS or For Parts/Repair are not covered by our return policy.  We offer 14 days to return item after receiving it. If item is defective we will supply return shipping label. Item must be returned in original packaging with all accessories included. We also charge a 15% restocking fee for cancelled transactions that are not shipped#comma# or we let it go to eBay as an unpaid bidder case.  Do Not Bid If You Do Not Intend To Follow Through!,,,,US,0,0,0,0,0,1,100,5,2,Days_30,4,1,-1,1,,,,,
459,VerifyAdd,Failure,21916519,#quote#Error - Listing is missing required item specific(s): #quote##quote#Brand#comma# Style#comma# Size Type#comma# Size (Men's)#quote##quote#. Please provide the required item specifics.|Brand#comma# Style#comma# Size Type#comma# Size (Men's)|57988|#quote#,,,,,,,,,,,,,,,,,,,,,,,,,,,,,,4PF497NBLA4XL,,,,,,,,,,,,VerifyAdd,57988,Excelled MnBig Peacoat Black 4 XL                  ,,<html><body>empty</body></html>,1000,,http://images.nationalgeographic.com/wpf/media-live/photos/000/687/cache/bonobo-congo-ziegler_68751_990x742.jpg,1,Auction,0.01,,3,0,55406,Gallery,1,sales@skygroupcloseouts.com,If you need a revised invoice for combined shipping#comma# please contact us before paying so we can adjust the shipping costs.,,,,Flat,6.875,MN,1,0,55406,FedExHomeDelivery,12,1,10,1,4PF497NBLA4XL,ReturnsAccepted,MoneyBackOrExchange,Days_14,Buyer,Please contact us before returning any item. Items listed AS-IS or For Parts/Repair are not covered by our return policy.  We offer 14 days to return item after receiving it. If item is defective we will supply return shipping label. Item must be returned in original packaging with all accessories included. We also charge a 15% restocking fee for cancelled transactions that are not shipped#comma# or we let it go to eBay as an unpaid bidder case.  Do Not Bid If You Do Not Intend To Follow Through!,,,,US,0,0,0,0,0,1,100,5,2,Days_30,4,1,-1,1,,,,,
460,VerifyAdd,Failure,21916519,#quote#Error - Listing is missing required item specific(s): #quote##quote#Brand#comma# Style#comma# Size Type#comma# Size (Men's)#quote##quote#. Please provide the required item specifics.|Brand#comma# Style#comma# Size Type#comma# Size (Men's)|57988|#quote#,,,,,,,,,,,,,,,,,,,,,,,,,,,,,,4QD150NBLA2XL,,,,,,,,,,,,VerifyAdd,57988,Coogi Mns Faux Leather Bomber Black 2 XL           ,,<html><body>empty</body></html>,1000,,http://images.nationalgeographic.com/wpf/media-live/photos/000/687/cache/bonobo-congo-ziegler_68751_990x742.jpg,1,Auction,0.01,,3,0,55406,Gallery,1,sales@skygroupcloseouts.com,If you need a revised invoice for combined shipping#comma# please contact us before paying so we can adjust the shipping costs.,,,,Flat,6.875,MN,1,0,55406,FedExHomeDelivery,12,1,10,1,4QD150NBLA2XL,ReturnsAccepted,MoneyBackOrExchange,Days_14,Buyer,Please contact us before returning any item. Items listed AS-IS or For Parts/Repair are not covered by our return policy.  We offer 14 days to return item after receiving it. If item is defective we will supply return shipping label. Item must be returned in original packaging with all accessories included. We also charge a 15% restocking fee for cancelled transactions that are not shipped#comma# or we let it go to eBay as an unpaid bidder case.  Do Not Bid If You Do Not Intend To Follow Through!,,,,US,0,0,0,0,0,1,100,5,2,Days_30,4,1,-1,1,,,,,
461,VerifyAdd,Failure,21916519,#quote#Error - Listing is missing required item specific(s): #quote##quote#Brand#comma# Style#comma# Size Type#comma# Size (Men's)#quote##quote#. Please provide the required item specifics.|Brand#comma# Style#comma# Size Type#comma# Size (Men's)|57988|#quote#,,,,,,,,,,,,,,,,,,,,,,,,,,,,,,4P9350NBLT2XL,,,,,,,,,,,,VerifyAdd,57988,Carhartt Duck Act Jac/Therm B/T Black Tall2XL      ,,<html><body>empty</body></html>,1000,,http://images.nationalgeographic.com/wpf/media-live/photos/000/687/cache/bonobo-congo-ziegler_68751_990x742.jpg,1,Auction,0.01,,3,0,55406,Gallery,1,sales@skygroupcloseouts.com,If you need a revised invoice for combined shipping#comma# please contact us before paying so we can adjust the shipping costs.,,,,Flat,6.875,MN,1,0,55406,FedExHomeDelivery,12,1,10,1,4P9350NBLT2XL,ReturnsAccepted,MoneyBackOrExchange,Days_14,Buyer,Please contact us before returning any item. Items listed AS-IS or For Parts/Repair are not covered by our return policy.  We offer 14 days to return item after receiving it. If item is defective we will supply return shipping label. Item must be returned in original packaging with all accessories included. We also charge a 15% restocking fee for cancelled transactions that are not shipped#comma# or we let it go to eBay as an unpaid bidder case.  Do Not Bid If You Do Not Intend To Follow Through!,,,,US,0,0,0,0,0,1,100,5,2,Days_30,4,1,-1,1,,,,,
462,VerifyAdd,Failure,21916519,#quote#Error - Listing is missing required item specific(s): #quote##quote#Brand#comma# Style#comma# Size Type#comma# Size (Men's)#quote##quote#. Please provide the required item specifics.|Brand#comma# Style#comma# Size Type#comma# Size (Men's)|57988|#quote#,,,,,,,,,,,,,,,,,,,,,,,,,,,,,,4PF496NCHALRG,,,,,,,,,,,,VerifyAdd,57988,Excelled Mn Peacoat Charcoal Large                 ,,<html><body>empty</body></html>,1000,,http://images.nationalgeographic.com/wpf/media-live/photos/000/687/cache/bonobo-congo-ziegler_68751_990x742.jpg,1,Auction,0.01,,3,0,55406,Gallery,1,sales@skygroupcloseouts.com,If you need a revised invoice for combined shipping#comma# please contact us before paying so we can adjust the shipping costs.,,,,Flat,6.875,MN,1,0,55406,FedExHomeDelivery,12,1,10,1,4PF496NCHALRG,ReturnsAccepted,MoneyBackOrExchange,Days_14,Buyer,Please contact us before returning any item. Items listed AS-IS or For Parts/Repair are not covered by our return policy.  We offer 14 days to return item after receiving it. If item is defective we will supply return shipping label. Item must be returned in original packaging with all accessories included. We also charge a 15% restocking fee for cancelled transactions that are not shipped#comma# or we let it go to eBay as an unpaid bidder case.  Do Not Bid If You Do Not Intend To Follow Through!,,,,US,0,0,0,0,0,1,100,5,2,Days_30,4,1,-1,1,,,,,
463,VerifyAdd,Failure,21916519,#quote#Error - Listing is missing required item specific(s): #quote##quote#Brand#comma# Style#comma# Size Type#comma# Size (Men's)#quote##quote#. Please provide the required item specifics.|Brand#comma# Style#comma# Size Type#comma# Size (Men's)|57988|#quote#,,,,,,,,,,,,,,,,,,,,,,,,,,,,,,4H7480000A2XL,,,,,,,,,,,,VerifyAdd,57988,Carhartt Sierra Hooded Jacket Dk Brown 2 XL        ,,<html><body>empty</body></html>,1000,,http://images.nationalgeographic.com/wpf/media-live/photos/000/687/cache/bonobo-congo-ziegler_68751_990x742.jpg,1,Auction,0.01,,3,0,55406,Gallery,1,sales@skygroupcloseouts.com,If you need a revised invoice for combined shipping#comma# please contact us before paying so we can adjust the shipping costs.,,,,Flat,6.875,MN,1,0,55406,FedExHomeDelivery,12,1,10,1,4H7480000A2XL,ReturnsAccepted,MoneyBackOrExchange,Days_14,Buyer,Please contact us before returning any item. Items listed AS-IS or For Parts/Repair are not covered by our return policy.  We offer 14 days to return item after receiving it. If item is defective we will supply return shipping label. Item must be returned in original packaging with all accessories included. We also charge a 15% restocking fee for cancelled transactions that are not shipped#comma# or we let it go to eBay as an unpaid bidder case.  Do Not Bid If You Do Not Intend To Follow Through!,,,,US,0,0,0,0,0,1,100,5,2,Days_30,4,1,-1,1,,,,,
464,VerifyAdd,Failure,21916519,#quote#Error - Listing is missing required item specific(s): #quote##quote#Brand#comma# Style#comma# Size Type#comma# Size (Men's)#quote##quote#. Please provide the required item specifics.|Brand#comma# Style#comma# Size Type#comma# Size (Men's)|57988|#quote#,,,,,,,,,,,,,,,,,,,,,,,,,,,,,,4PF496NBLALRG,,,,,,,,,,,,VerifyAdd,57988,Excelled Mn Peacoat Black Large                    ,,<html><body>empty</body></html>,1000,,http://images.nationalgeographic.com/wpf/media-live/photos/000/687/cache/bonobo-congo-ziegler_68751_990x742.jpg,1,Auction,0.01,,3,0,55406,Gallery,1,sales@skygroupcloseouts.com,If you need a revised invoice for combined shipping#comma# please contact us before paying so we can adjust the shipping costs.,,,,Flat,6.875,MN,1,0,55406,FedExHomeDelivery,12,1,10,1,4PF496NBLALRG,ReturnsAccepted,MoneyBackOrExchange,Days_14,Buyer,Please contact us before returning any item. Items listed AS-IS or For Parts/Repair are not covered by our return policy.  We offer 14 days to return item after receiving it. If item is defective we will supply return shipping label. Item must be returned in original packaging with all accessories included. We also charge a 15% restocking fee for cancelled transactions that are not shipped#comma# or we let it go to eBay as an unpaid bidder case.  Do Not Bid If You Do Not Intend To Follow Through!,,,,US,0,0,0,0,0,1,100,5,2,Days_30,4,1,-1,1,,,,,
465,VerifyAdd,Failure,21916519,#quote#Error - Listing is missing required item specific(s): #quote##quote#Brand#comma# Style#comma# Size Type#comma# Size (Men's)#quote##quote#. Please provide the required item specifics.|Brand#comma# Style#comma# Size Type#comma# Size (Men's)|57988|#quote#,,,,,,,,,,,,,,,,,,,,,,,,,,,,,,4PY5120000010,,,,,,,,,,,,VerifyAdd,57988,Easton Plaid Brown 8pc Full Bed Set                ,,<html><body>empty</body></html>,1000,,http://images.nationalgeographic.com/wpf/media-live/photos/000/687/cache/bonobo-congo-ziegler_68751_990x742.jpg,1,Auction,0.01,,3,0,55406,Gallery,1,sales@skygroupcloseouts.com,If you need a revised invoice for combined shipping#comma# please contact us before paying so we can adjust the shipping costs.,,,,Flat,6.875,MN,1,0,55406,FedExHomeDelivery,12,1,10,1,4PY5120000010,ReturnsAccepted,MoneyBackOrExchange,Days_14,Buyer,Please contact us before returning any item. Items listed AS-IS or For Parts/Repair are not covered by our return policy.  We offer 14 days to return item after receiving it. If item is defective we will supply return shipping label. Item must be returned in original packaging with all accessories included. We also charge a 15% restocking fee for cancelled transactions that are not shipped#comma# or we let it go to eBay as an unpaid bidder case.  Do Not Bid If You Do Not Intend To Follow Through!,,,,US,0,0,0,0,0,1,100,5,2,Days_30,4,1,-1,1,,,,,
466,VerifyAdd,Failure,21916519,#quote#Error - Listing is missing required item specific(s): #quote##quote#Brand#comma# Style#comma# Size Type#comma# Size (Men's)#quote##quote#. Please provide the required item specifics.|Brand#comma# Style#comma# Size Type#comma# Size (Men's)|57988|#quote#,,,,,,,,,,,,,,,,,,,,,,,,,,,,,,4P9350NBRTXLG,,,,,,,,,,,,VerifyAdd,57988,Carhartt Duck Act Jac/Therm B/T Brown Tall XLG     ,,<html><body>empty</body></html>,1000,,http://images.nationalgeographic.com/wpf/media-live/photos/000/687/cache/bonobo-congo-ziegler_68751_990x742.jpg,1,Auction,0.01,,3,0,55406,Gallery,1,sales@skygroupcloseouts.com,If you need a revised invoice for combined shipping#comma# please contact us before paying so we can adjust the shipping costs.,,,,Flat,6.875,MN,1,0,55406,FedExHomeDelivery,12,1,10,1,4P9350NBRTXLG,ReturnsAccepted,MoneyBackOrExchange,Days_14,Buyer,Please contact us before returning any item. Items listed AS-IS or For Parts/Repair are not covered by our return policy.  We offer 14 days to return item after receiving it. If item is defective we will supply return shipping label. Item must be returned in original packaging with all accessories included. We also charge a 15% restocking fee for cancelled transactions that are not shipped#comma# or we let it go to eBay as an unpaid bidder case.  Do Not Bid If You Do Not Intend To Follow Through!,,,,US,0,0,0,0,0,1,100,5,2,Days_30,4,1,-1,1,,,,,
467,VerifyAdd,Failure,21916519,#quote#Error - Listing is missing required item specific(s): #quote##quote#Brand#comma# Style#comma# Size Type#comma# Size (Men's)#quote##quote#. Please provide the required item specifics.|Brand#comma# Style#comma# Size Type#comma# Size (Men's)|57988|#quote#,,,,,,,,,,,,,,,,,,,,,,,,,,,,,,4P9348NBLMNXL,,,,,,,,,,,,VerifyAdd,57988,Carhartt Duck Active Jac/Thermal Black XL46-48     ,,<html><body>empty</body></html>,1000,,http://images.nationalgeographic.com/wpf/media-live/photos/000/687/cache/bonobo-congo-ziegler_68751_990x742.jpg,1,Auction,0.01,,3,0,55406,Gallery,1,sales@skygroupcloseouts.com,If you need a revised invoice for combined shipping#comma# please contact us before paying so we can adjust the shipping costs.,,,,Flat,6.875,MN,1,0,55406,FedExHomeDelivery,12,1,10,1,4P9348NBLMNXL,ReturnsAccepted,MoneyBackOrExchange,Days_14,Buyer,Please contact us before returning any item. Items listed AS-IS or For Parts/Repair are not covered by our return policy.  We offer 14 days to return item after receiving it. If item is defective we will supply return shipping label. Item must be returned in original packaging with all accessories included. We also charge a 15% restocking fee for cancelled transactions that are not shipped#comma# or we let it go to eBay as an unpaid bidder case.  Do Not Bid If You Do Not Intend To Follow Through!,,,,US,0,0,0,0,0,1,100,5,2,Days_30,4,1,-1,1,,,,,
468,VerifyAdd,Failure,21916519,#quote#Error - Listing is missing required item specific(s): #quote##quote#Brand#comma# Style#comma# Size Type#comma# Size (Men's)#quote##quote#. Please provide the required item specifics.|Brand#comma# Style#comma# Size Type#comma# Size (Men's)|57988|#quote#,,,,,,,,,,,,,,,,,,,,,,,,,,,,,,4NY826NBLA2XL,,,,,,,,,,,,VerifyAdd,57988,Fila Tricot Track Jacket Black 2 XL                ,,<html><body>empty</body></html>,1000,,http://images.nationalgeographic.com/wpf/media-live/photos/000/687/cache/bonobo-congo-ziegler_68751_990x742.jpg,1,Auction,0.01,,3,0,55406,Gallery,1,sales@skygroupcloseouts.com,If you need a revised invoice for combined shipping#comma# please contact us before paying so we can adjust the shipping costs.,,,,Flat,6.875,MN,1,0,55406,FedExHomeDelivery,12,1,10,1,4NY826NBLA2XL,ReturnsAccepted,MoneyBackOrExchange,Days_14,Buyer,Please contact us before returning any item. Items listed AS-IS or For Parts/Repair are not covered by our return policy.  We offer 14 days to return item after receiving it. If item is defective we will supply return shipping label. Item must be returned in original packaging with all accessories included. We also charge a 15% restocking fee for cancelled transactions that are not shipped#comma# or we let it go to eBay as an unpaid bidder case.  Do Not Bid If You Do Not Intend To Follow Through!,,,,US,0,0,0,0,0,1,100,5,2,Days_30,4,1,-1,1,,,,,
469,VerifyAdd,Failure,21916519,#quote#Error - Listing is missing required item specific(s): #quote##quote#Brand#comma# Style#comma# Size Type#comma# Size (Men's)#quote##quote#. Please provide the required item specifics.|Brand#comma# Style#comma# Size Type#comma# Size (Men's)|57988|#quote#,,,,,,,,,,,,,,,,,,,,,,,,,,,,,,4P9348NBRMNL0,,,,,,,,,,,,VerifyAdd,57988,Carhartt Duck Active Jac/Thermal Brown L42-44      ,,<html><body>empty</body></html>,1000,,http://images.nationalgeographic.com/wpf/media-live/photos/000/687/cache/bonobo-congo-ziegler_68751_990x742.jpg,1,Auction,0.01,,3,0,55406,Gallery,1,sales@skygroupcloseouts.com,If you need a revised invoice for combined shipping#comma# please contact us before paying so we can adjust the shipping costs.,,,,Flat,6.875,MN,1,0,55406,FedExHomeDelivery,12,1,10,1,4P9348NBRMNL0,ReturnsAccepted,MoneyBackOrExchange,Days_14,Buyer,Please contact us before returning any item. Items listed AS-IS or For Parts/Repair are not covered by our return policy.  We offer 14 days to return item after receiving it. If item is defective we will supply return shipping label. Item must be returned in original packaging with all accessories included. We also charge a 15% restocking fee for cancelled transactions that are not shipped#comma# or we let it go to eBay as an unpaid bidder case.  Do Not Bid If You Do Not Intend To Follow Through!,,,,US,0,0,0,0,0,1,100,5,2,Days_30,4,1,-1,1,,,,,
470,VerifyAdd,Failure,21916519,#quote#Error - Listing is missing required item specific(s): #quote##quote#Brand#comma# Style#comma# Size Type#comma# Size (Men's)#quote##quote#. Please provide the required item specifics.|Brand#comma# Style#comma# Size Type#comma# Size (Men's)|57988|#quote#,,,,,,,,,,,,,,,,,,,,,,,,,,,,,,4P9350NBRT2XL,,,,,,,,,,,,VerifyAdd,57988,Carhartt Duck Act Jac/Therm B/T Brown Tall 2XL     ,,<html><body>empty</body></html>,1000,,http://images.nationalgeographic.com/wpf/media-live/photos/000/687/cache/bonobo-congo-ziegler_68751_990x742.jpg,1,Auction,0.01,,3,0,55406,Gallery,1,sales@skygroupcloseouts.com,If you need a revised invoice for combined shipping#comma# please contact us before paying so we can adjust the shipping costs.,,,,Flat,6.875,MN,1,0,55406,FedExHomeDelivery,12,1,10,1,4P9350NBRT2XL,ReturnsAccepted,MoneyBackOrExchange,Days_14,Buyer,Please contact us before returning any item. Items listed AS-IS or For Parts/Repair are not covered by our return policy.  We offer 14 days to return item after receiving it. If item is defective we will supply return shipping label. Item must be returned in original packaging with all accessories included. We also charge a 15% restocking fee for cancelled transactions that are not shipped#comma# or we let it go to eBay as an unpaid bidder case.  Do Not Bid If You Do Not Intend To Follow Through!,,,,US,0,0,0,0,0,1,100,5,2,Days_30,4,1,-1,1,,,,,
471,VerifyAdd,Failure,21916519,#quote#Error - Listing is missing required item specific(s): #quote##quote#Brand#comma# Style#comma# Size Type#comma# Size (Men's)#quote##quote#. Please provide the required item specifics.|Brand#comma# Style#comma# Size Type#comma# Size (Men's)|57988|#quote#,,,,,,,,,,,,,,,,,,,,,,,,,,,,,,4QD150NBLSL01,,,,,,,,,,,,VerifyAdd,57988,Coogi Mns Faux Leather Bomber Black Large          ,,<html><body>empty</body></html>,1000,,http://images.nationalgeographic.com/wpf/media-live/photos/000/687/cache/bonobo-congo-ziegler_68751_990x742.jpg,1,Auction,0.01,,3,0,55406,Gallery,1,sales@skygroupcloseouts.com,If you need a revised invoice for combined shipping#comma# please contact us before paying so we can adjust the shipping costs.,,,,Flat,6.875,MN,1,0,55406,FedExHomeDelivery,12,1,10,1,4QD150NBLSL01,ReturnsAccepted,MoneyBackOrExchange,Days_14,Buyer,Please contact us before returning any item. Items listed AS-IS or For Parts/Repair are not covered by our return policy.  We offer 14 days to return item after receiving it. If item is defective we will supply return shipping label. Item must be returned in original packaging with all accessories included. We also charge a 15% restocking fee for cancelled transactions that are not shipped#comma# or we let it go to eBay as an unpaid bidder case.  Do Not Bid If You Do Not Intend To Follow Through!,,,,US,0,0,0,0,0,1,100,5,2,Days_30,4,1,-1,1,,,,,
472,VerifyAdd,Failure,21916519,#quote#Error - Listing is missing required item specific(s): #quote##quote#Brand#comma# Style#comma# Size Type#comma# Size (Men's)#quote##quote#. Please provide the required item specifics.|Brand#comma# Style#comma# Size Type#comma# Size (Men's)|57988|#quote#,,,,,,,,,,,,,,,,,,,,,,,,,,,,,,4PX225RPKA3XL,,,,,,,,,,,,VerifyAdd,57988,SpRotten Wm Lace & Cotton Top Pink 3 XL            ,,<html><body>empty</body></html>,1000,,http://images.nationalgeographic.com/wpf/media-live/photos/000/687/cache/bonobo-congo-ziegler_68751_990x742.jpg,1,Auction,0.01,,3,0,55406,Gallery,1,sales@skygroupcloseouts.com,If you need a revised invoice for combined shipping#comma# please contact us before paying so we can adjust the shipping costs.,,,,Flat,6.875,MN,1,0,55406,FedExHomeDelivery,12,1,10,1,4PX225RPKA3XL,ReturnsAccepted,MoneyBackOrExchange,Days_14,Buyer,Please contact us before returning any item. Items listed AS-IS or For Parts/Repair are not covered by our return policy.  We offer 14 days to return item after receiving it. If item is defective we will supply return shipping label. Item must be returned in original packaging with all accessories included. We also charge a 15% restocking fee for cancelled transactions that are not shipped#comma# or we let it go to eBay as an unpaid bidder case.  Do Not Bid If You Do Not Intend To Follow Through!,,,,US,0,0,0,0,0,1,100,5,2,Days_30,4,1,-1,1,,,,,
473,VerifyAdd,Failure,21916519,#quote#Error - Listing is missing required item specific(s): #quote##quote#Brand#comma# Style#comma# Size Type#comma# Size (Men's)#quote##quote#. Please provide the required item specifics.|Brand#comma# Style#comma# Size Type#comma# Size (Men's)|57988|#quote#,,,,,,,,,,,,,,,,,,,,,,,,,,,,,,4P9348BNVMNXA,,,,,,,,,,,,VerifyAdd,57988,Carhartt Duck Active/Therm Jkt Navy 2X50-52        ,,<html><body>empty</body></html>,1000,,http://images.nationalgeographic.com/wpf/media-live/photos/000/687/cache/bonobo-congo-ziegler_68751_990x742.jpg,1,Auction,0.01,,3,0,55406,Gallery,1,sales@skygroupcloseouts.com,If you need a revised invoice for combined shipping#comma# please contact us before paying so we can adjust the shipping costs.,,,,Flat,6.875,MN,1,0,55406,FedExHomeDelivery,12,1,10,1,4P9348BNVMNXA,ReturnsAccepted,MoneyBackOrExchange,Days_14,Buyer,Please contact us before returning any item. Items listed AS-IS or For Parts/Repair are not covered by our return policy.  We offer 14 days to return item after receiving it. If item is defective we will supply return shipping label. Item must be returned in original packaging with all accessories included. We also charge a 15% restocking fee for cancelled transactions that are not shipped#comma# or we let it go to eBay as an unpaid bidder case.  Do Not Bid If You Do Not Intend To Follow Through!,,,,US,0,0,0,0,0,1,100,5,2,Days_30,4,1,-1,1,,,,,
474,VerifyAdd,Failure,21916519,#quote#Error - Listing is missing required item specific(s): #quote##quote#Brand#comma# Style#comma# Size Type#comma# Size (Men's)#quote##quote#. Please provide the required item specifics.|Brand#comma# Style#comma# Size Type#comma# Size (Men's)|57988|#quote#,,,,,,,,,,,,,,,,,,,,,,,,,,,,,,4NQ402NRHA2XL,,,,,,,,,,,,VerifyAdd,57988,Long Leg Control Panty Misses Pearl White 2 XL     ,,<html><body>empty</body></html>,1000,,http://images.nationalgeographic.com/wpf/media-live/photos/000/687/cache/bonobo-congo-ziegler_68751_990x742.jpg,1,Auction,0.01,,3,0,55406,Gallery,1,sales@skygroupcloseouts.com,If you need a revised invoice for combined shipping#comma# please contact us before paying so we can adjust the shipping costs.,,,,Flat,6.875,MN,1,0,55406,FedExHomeDelivery,12,1,10,1,4NQ402NRHA2XL,ReturnsAccepted,MoneyBackOrExchange,Days_14,Buyer,Please contact us before returning any item. Items listed AS-IS or For Parts/Repair are not covered by our return policy.  We offer 14 days to return item after receiving it. If item is defective we will supply return shipping label. Item must be returned in original packaging with all accessories included. We also charge a 15% restocking fee for cancelled transactions that are not shipped#comma# or we let it go to eBay as an unpaid bidder case.  Do Not Bid If You Do Not Intend To Follow Through!,,,,US,0,0,0,0,0,1,100,5,2,Days_30,4,1,-1,1,,,,,
475,VerifyAdd,Failure,21916519,#quote#Error - Listing is missing required item specific(s): #quote##quote#Brand#comma# Style#comma# Size Type#comma# Size (Men's)#quote##quote#. Please provide the required item specifics.|Brand#comma# Style#comma# Size Type#comma# Size (Men's)|57988|#quote#,,,,,,,,,,,,,,,,,,,,,,,,,,,,,,4PD770REDALRG,,,,,,,,,,,,VerifyAdd,57988,Wolverine Roanoke Shirt Jac Red Large              ,,<html><body>empty</body></html>,1000,,http://images.nationalgeographic.com/wpf/media-live/photos/000/687/cache/bonobo-congo-ziegler_68751_990x742.jpg,1,Auction,0.01,,3,0,55406,Gallery,1,sales@skygroupcloseouts.com,If you need a revised invoice for combined shipping#comma# please contact us before paying so we can adjust the shipping costs.,,,,Flat,6.875,MN,1,0,55406,FedExHomeDelivery,12,1,10,1,4PD770REDALRG,ReturnsAccepted,MoneyBackOrExchange,Days_14,Buyer,Please contact us before returning any item. Items listed AS-IS or For Parts/Repair are not covered by our return policy.  We offer 14 days to return item after receiving it. If item is defective we will supply return shipping label. Item must be returned in original packaging with all accessories included. We also charge a 15% restocking fee for cancelled transactions that are not shipped#comma# or we let it go to eBay as an unpaid bidder case.  Do Not Bid If You Do Not Intend To Follow Through!,,,,US,0,0,0,0,0,1,100,5,2,Days_30,4,1,-1,1,,,,,
476,VerifyAdd,Failure,21916519,#quote#Error - Listing is missing required item specific(s): #quote##quote#Brand#comma# Style#comma# Size Type#comma# Size (Men's)#quote##quote#. Please provide the required item specifics.|Brand#comma# Style#comma# Size Type#comma# Size (Men's)|57988|#quote#,,,,,,,,,,,,,,,,,,,,,,,,,,,,,,4PR206GTQM014,,,,,,,,,,,,VerifyAdd,57988,Westside MsRuffle Jacket Dress Turquoise 14        ,,<html><body>empty</body></html>,1000,,http://images.nationalgeographic.com/wpf/media-live/photos/000/687/cache/bonobo-congo-ziegler_68751_990x742.jpg,1,Auction,0.01,,3,0,55406,Gallery,1,sales@skygroupcloseouts.com,If you need a revised invoice for combined shipping#comma# please contact us before paying so we can adjust the shipping costs.,,,,Flat,6.875,MN,1,0,55406,FedExHomeDelivery,12,1,10,1,4PR206GTQM014,ReturnsAccepted,MoneyBackOrExchange,Days_14,Buyer,Please contact us before returning any item. Items listed AS-IS or For Parts/Repair are not covered by our return policy.  We offer 14 days to return item after receiving it. If item is defective we will supply return shipping label. Item must be returned in original packaging with all accessories included. We also charge a 15% restocking fee for cancelled transactions that are not shipped#comma# or we let it go to eBay as an unpaid bidder case.  Do Not Bid If You Do Not Intend To Follow Through!,,,,US,0,0,0,0,0,1,100,5,2,Days_30,4,1,-1,1,,,,,
477,VerifyAdd,Failure,21916519,#quote#Error - Listing is missing required item specific(s): #quote##quote#Brand#comma# Style#comma# Size Type#comma# Size (Men's)#quote##quote#. Please provide the required item specifics.|Brand#comma# Style#comma# Size Type#comma# Size (Men's)|57988|#quote#,,,,,,,,,,,,,,,,,,,,,,,,,,,,,,4P9350BNVT3XL,,,,,,,,,,,,VerifyAdd,57988,Carhartt Duck Act Jac/Therm BT Navy Tall 3XL       ,,<html><body>empty</body></html>,1000,,http://images.nationalgeographic.com/wpf/media-live/photos/000/687/cache/bonobo-congo-ziegler_68751_990x742.jpg,1,Auction,0.01,,3,0,55406,Gallery,1,sales@skygroupcloseouts.com,If you need a revised invoice for combined shipping#comma# please contact us before paying so we can adjust the shipping costs.,,,,Flat,6.875,MN,1,0,55406,FedExHomeDelivery,12,1,10,1,4P9350BNVT3XL,ReturnsAccepted,MoneyBackOrExchange,Days_14,Buyer,Please contact us before returning any item. Items listed AS-IS or For Parts/Repair are not covered by our return policy.  We offer 14 days to return item after receiving it. If item is defective we will supply return shipping label. Item must be returned in original packaging with all accessories included. We also charge a 15% restocking fee for cancelled transactions that are not shipped#comma# or we let it go to eBay as an unpaid bidder case.  Do Not Bid If You Do Not Intend To Follow Through!,,,,US,0,0,0,0,0,1,100,5,2,Days_30,4,1,-1,1,,,,,
478,VerifyAdd,Failure,21916519,#quote#Error - Listing is missing required item specific(s): #quote##quote#Brand#comma# Style#comma# Size Type#comma# Size (Men's)#quote##quote#. Please provide the required item specifics.|Brand#comma# Style#comma# Size Type#comma# Size (Men's)|57988|#quote#,,,,,,,,,,,,,,,,,,,,,,,,,,,,,,4P9348BNVMNM0,,,,,,,,,,,,VerifyAdd,57988,Carhartt Duck Active/Therm Jkt Navy M38-40         ,,<html><body>empty</body></html>,1000,,http://images.nationalgeographic.com/wpf/media-live/photos/000/687/cache/bonobo-congo-ziegler_68751_990x742.jpg,1,Auction,0.01,,3,0,55406,Gallery,1,sales@skygroupcloseouts.com,If you need a revised invoice for combined shipping#comma# please contact us before paying so we can adjust the shipping costs.,,,,Flat,6.875,MN,1,0,55406,FedExHomeDelivery,12,1,10,1,4P9348BNVMNM0,ReturnsAccepted,MoneyBackOrExchange,Days_14,Buyer,Please contact us before returning any item. Items listed AS-IS or For Parts/Repair are not covered by our return policy.  We offer 14 days to return item after receiving it. If item is defective we will supply return shipping label. Item must be returned in original packaging with all accessories included. We also charge a 15% restocking fee for cancelled transactions that are not shipped#comma# or we let it go to eBay as an unpaid bidder case.  Do Not Bid If You Do Not Intend To Follow Through!,,,,US,0,0,0,0,0,1,100,5,2,Days_30,4,1,-1,1,,,,,
479,VerifyAdd,Failure,21916519,#quote#Error - Listing is missing required item specific(s): #quote##quote#Brand#comma# Style#comma# Size Type#comma# Size (Men's)#quote##quote#. Please provide the required item specifics.|Brand#comma# Style#comma# Size Type#comma# Size (Men's)|57988|#quote#,,,,,,,,,,,,,,,,,,,,,,,,,,,,,,4P9348NBRMNM0,,,,,,,,,,,,VerifyAdd,57988,Carhartt Duck Active Jac/Thermal Brown M38-40      ,,<html><body>empty</body></html>,1000,,http://images.nationalgeographic.com/wpf/media-live/photos/000/687/cache/bonobo-congo-ziegler_68751_990x742.jpg,1,Auction,0.01,,3,0,55406,Gallery,1,sales@skygroupcloseouts.com,If you need a revised invoice for combined shipping#comma# please contact us before paying so we can adjust the shipping costs.,,,,Flat,6.875,MN,1,0,55406,FedExHomeDelivery,12,1,10,1,4P9348NBRMNM0,ReturnsAccepted,MoneyBackOrExchange,Days_14,Buyer,Please contact us before returning any item. Items listed AS-IS or For Parts/Repair are not covered by our return policy.  We offer 14 days to return item after receiving it. If item is defective we will supply return shipping label. Item must be returned in original packaging with all accessories included. We also charge a 15% restocking fee for cancelled transactions that are not shipped#comma# or we let it go to eBay as an unpaid bidder case.  Do Not Bid If You Do Not Intend To Follow Through!,,,,US,0,0,0,0,0,1,100,5,2,Days_30,4,1,-1,1,,,,,
480,VerifyAdd,Failure,21916519,#quote#Error - Listing is missing required item specific(s): #quote##quote#Brand#comma# Style#comma# Size Type#comma# Size (Men's)#quote##quote#. Please provide the required item specifics.|Brand#comma# Style#comma# Size Type#comma# Size (Men's)|57988|#quote#,,,,,,,,,,,,,,,,,,,,,,,,,,,,,,4P9348NBLMNM0,,,,,,,,,,,,VerifyAdd,57988,Carhartt Duck Active Jac/Thermal Black M38-40      ,,<html><body>empty</body></html>,1000,,http://images.nationalgeographic.com/wpf/media-live/photos/000/687/cache/bonobo-congo-ziegler_68751_990x742.jpg,1,Auction,0.01,,3,0,55406,Gallery,1,sales@skygroupcloseouts.com,If you need a revised invoice for combined shipping#comma# please contact us before paying so we can adjust the shipping costs.,,,,Flat,6.875,MN,1,0,55406,FedExHomeDelivery,12,1,10,1,4P9348NBLMNM0,ReturnsAccepted,MoneyBackOrExchange,Days_14,Buyer,Please contact us before returning any item. Items listed AS-IS or For Parts/Repair are not covered by our return policy.  We offer 14 days to return item after receiving it. If item is defective we will supply return shipping label. Item must be returned in original packaging with all accessories included. We also charge a 15% restocking fee for cancelled transactions that are not shipped#comma# or we let it go to eBay as an unpaid bidder case.  Do Not Bid If You Do Not Intend To Follow Through!,,,,US,0,0,0,0,0,1,100,5,2,Days_30,4,1,-1,1,,,,,
481,VerifyAdd,Failure,21916519,#quote#Error - Listing is missing required item specific(s): #quote##quote#Brand#comma# Style#comma# Size Type#comma# Bottoms Size (Men's)#quote##quote#. Please provide the required item specifics.|Brand#comma# Style#comma# Size Type#comma# Bottoms Size (Men's)|57989|#quote#,,,,,,,,,,,,,,,,,,,,,,,,,,,,,,4F0864BNV0010,,,,,,,,,,,,VerifyAdd,57989,MyH SldMicrofr 84x84WindBag-Navy                   ,,<html><body>empty</body></html>,1000,,http://images.nationalgeographic.com/wpf/media-live/photos/000/687/cache/bonobo-congo-ziegler_68751_990x742.jpg,1,Auction,0.01,,3,0,55406,Gallery,1,sales@skygroupcloseouts.com,If you need a revised invoice for combined shipping#comma# please contact us before paying so we can adjust the shipping costs.,,,,Flat,6.875,MN,1,0,55406,FedExHomeDelivery,12,1,10,1,4F0864BNV0010,ReturnsAccepted,MoneyBackOrExchange,Days_14,Buyer,Please contact us before returning any item. Items listed AS-IS or For Parts/Repair are not covered by our return policy.  We offer 14 days to return item after receiving it. If item is defective we will supply return shipping label. Item must be returned in original packaging with all accessories included. We also charge a 15% restocking fee for cancelled transactions that are not shipped#comma# or we let it go to eBay as an unpaid bidder case.  Do Not Bid If You Do Not Intend To Follow Through!,,,,US,0,0,0,0,0,1,100,5,2,Days_30,4,1,-1,1,,,,,
482,VerifyAdd,Failure,21916519,#quote#Error - Listing is missing required item specific(s): #quote##quote#Brand#comma# Style#comma# Size Type#comma# Bottoms Size (Men's)#quote##quote#. Please provide the required item specifics.|Brand#comma# Style#comma# Size Type#comma# Bottoms Size (Men's)|57989|#quote#,,,,,,,,,,,,,,,,,,,,,,,,,,,,,,4N9106000P360,,,,,,,,,,,,VerifyAdd,57989,Carhartt Bib Overall - Brown-36W 30L               ,,<html><body>empty</body></html>,1000,,http://images.nationalgeographic.com/wpf/media-live/photos/000/687/cache/bonobo-congo-ziegler_68751_990x742.jpg,1,Auction,0.01,,3,0,55406,Gallery,1,sales@skygroupcloseouts.com,If you need a revised invoice for combined shipping#comma# please contact us before paying so we can adjust the shipping costs.,,,,Flat,6.875,MN,1,0,55406,FedExHomeDelivery,12,1,10,1,4N9106000P360,ReturnsAccepted,MoneyBackOrExchange,Days_14,Buyer,Please contact us before returning any item. Items listed AS-IS or For Parts/Repair are not covered by our return policy.  We offer 14 days to return item after receiving it. If item is defective we will supply return shipping label. Item must be returned in original packaging with all accessories included. We also charge a 15% restocking fee for cancelled transactions that are not shipped#comma# or we let it go to eBay as an unpaid bidder case.  Do Not Bid If You Do Not Intend To Follow Through!,,,,US,0,0,0,0,0,1,100,5,2,Days_30,4,1,-1,1,,,,,
483,VerifyAdd,Failure,21916519,#quote#Error - Listing is missing required item specific(s): #quote##quote#Brand#comma# Style#comma# Size Type#comma# Bottoms Size (Men's)#quote##quote#. Please provide the required item specifics.|Brand#comma# Style#comma# Size Type#comma# Bottoms Size (Men's)|57989|#quote#,,,,,,,,,,,,,,,,,,,,,,,,,,,,,,4N9103000P422,,,,,,,,,,,,VerifyAdd,57989,Carhartt Bib Overall - Black-42W 32L               ,,<html><body>empty</body></html>,1000,,http://images.nationalgeographic.com/wpf/media-live/photos/000/687/cache/bonobo-congo-ziegler_68751_990x742.jpg,1,Auction,0.01,,3,0,55406,Gallery,1,sales@skygroupcloseouts.com,If you need a revised invoice for combined shipping#comma# please contact us before paying so we can adjust the shipping costs.,,,,Flat,6.875,MN,1,0,55406,FedExHomeDelivery,12,1,10,1,4N9103000P422,ReturnsAccepted,MoneyBackOrExchange,Days_14,Buyer,Please contact us before returning any item. Items listed AS-IS or For Parts/Repair are not covered by our return policy.  We offer 14 days to return item after receiving it. If item is defective we will supply return shipping label. Item must be returned in original packaging with all accessories included. We also charge a 15% restocking fee for cancelled transactions that are not shipped#comma# or we let it go to eBay as an unpaid bidder case.  Do Not Bid If You Do Not Intend To Follow Through!,,,,US,0,0,0,0,0,1,100,5,2,Days_30,4,1,-1,1,,,,,
484,VerifyAdd,Failure,21916519,#quote#Error - Listing is missing required item specific(s): #quote##quote#Brand#comma# Style#comma# Size Type#comma# Bottoms Size (Men's)#quote##quote#. Please provide the required item specifics.|Brand#comma# Style#comma# Size Type#comma# Bottoms Size (Men's)|57989|#quote#,,,,,,,,,,,,,,,,,,,,,,,,,,,,,,4PS951GMTALRG,,,,,,,,,,,,VerifyAdd,57989,DannyNicoleMissCrochetMaxi Drs Mint Large          ,,<html><body>empty</body></html>,1000,,http://images.nationalgeographic.com/wpf/media-live/photos/000/687/cache/bonobo-congo-ziegler_68751_990x742.jpg,1,Auction,0.01,,3,0,55406,Gallery,1,sales@skygroupcloseouts.com,If you need a revised invoice for combined shipping#comma# please contact us before paying so we can adjust the shipping costs.,,,,Flat,6.875,MN,1,0,55406,FedExHomeDelivery,12,1,10,1,4PS951GMTALRG,ReturnsAccepted,MoneyBackOrExchange,Days_14,Buyer,Please contact us before returning any item. Items listed AS-IS or For Parts/Repair are not covered by our return policy.  We offer 14 days to return item after receiving it. If item is defective we will supply return shipping label. Item must be returned in original packaging with all accessories included. We also charge a 15% restocking fee for cancelled transactions that are not shipped#comma# or we let it go to eBay as an unpaid bidder case.  Do Not Bid If You Do Not Intend To Follow Through!,,,,US,0,0,0,0,0,1,100,5,2,Days_30,4,1,-1,1,,,,,
485,VerifyAdd,Failure,21916519,#quote#Error - Listing is missing required item specific(s): #quote##quote#Brand#comma# Style#comma# Size Type#comma# Bottoms Size (Men's)#quote##quote#. Please provide the required item specifics.|Brand#comma# Style#comma# Size Type#comma# Bottoms Size (Men's)|57989|#quote#,,,,,,,,,,,,,,,,,,,,,,,,,,,,,,4N9106000P344,,,,,,,,,,,,VerifyAdd,57989,Carhartt Bib Overall - Brown-34W 34L               ,,<html><body>empty</body></html>,1000,,http://images.nationalgeographic.com/wpf/media-live/photos/000/687/cache/bonobo-congo-ziegler_68751_990x742.jpg,1,Auction,0.01,,3,0,55406,Gallery,1,sales@skygroupcloseouts.com,If you need a revised invoice for combined shipping#comma# please contact us before paying so we can adjust the shipping costs.,,,,Flat,6.875,MN,1,0,55406,FedExHomeDelivery,12,1,10,1,4N9106000P344,ReturnsAccepted,MoneyBackOrExchange,Days_14,Buyer,Please contact us before returning any item. Items listed AS-IS or For Parts/Repair are not covered by our return policy.  We offer 14 days to return item after receiving it. If item is defective we will supply return shipping label. Item must be returned in original packaging with all accessories included. We also charge a 15% restocking fee for cancelled transactions that are not shipped#comma# or we let it go to eBay as an unpaid bidder case.  Do Not Bid If You Do Not Intend To Follow Through!,,,,US,0,0,0,0,0,1,100,5,2,Days_30,4,1,-1,1,,,,,
486,VerifyAdd,Failure,21916519,#quote#Error - Listing is missing required item specific(s): #quote##quote#Brand#comma# Style#comma# Size Type#comma# Bottoms Size (Men's)#quote##quote#. Please provide the required item specifics.|Brand#comma# Style#comma# Size Type#comma# Bottoms Size (Men's)|57989|#quote#,,,,,,,,,,,,,,,,,,,,,,,,,,,,,,4N9103000P382,,,,,,,,,,,,VerifyAdd,57989,Carhartt Bib Overall - Black-38W 32L               ,,<html><body>empty</body></html>,1000,,http://images.nationalgeographic.com/wpf/media-live/photos/000/687/cache/bonobo-congo-ziegler_68751_990x742.jpg,1,Auction,0.01,,3,0,55406,Gallery,1,sales@skygroupcloseouts.com,If you need a revised invoice for combined shipping#comma# please contact us before paying so we can adjust the shipping costs.,,,,Flat,6.875,MN,1,0,55406,FedExHomeDelivery,12,1,10,1,4N9103000P382,ReturnsAccepted,MoneyBackOrExchange,Days_14,Buyer,Please contact us before returning any item. Items listed AS-IS or For Parts/Repair are not covered by our return policy.  We offer 14 days to return item after receiving it. If item is defective we will supply return shipping label. Item must be returned in original packaging with all accessories included. We also charge a 15% restocking fee for cancelled transactions that are not shipped#comma# or we let it go to eBay as an unpaid bidder case.  Do Not Bid If You Do Not Intend To Follow Through!,,,,US,0,0,0,0,0,1,100,5,2,Days_30,4,1,-1,1,,,,,
487,VerifyAdd,Failure,21916519,#quote#Error - Listing is missing required item specific(s): #quote##quote#Brand#comma# Style#comma# Size Type#comma# Bottoms Size (Men's)#quote##quote#. Please provide the required item specifics.|Brand#comma# Style#comma# Size Type#comma# Bottoms Size (Men's)|57989|#quote#,,,,,,,,,,,,,,,,,,,,,,,,,,,,,,4NY697BLUW014,,,,,,,,,,,,VerifyAdd,57989,AppleBottoms WM 5PcktBltdCapri Blue 14W            ,,<html><body>empty</body></html>,1000,,http://images.nationalgeographic.com/wpf/media-live/photos/000/687/cache/bonobo-congo-ziegler_68751_990x742.jpg,1,Auction,0.01,,3,0,55406,Gallery,1,sales@skygroupcloseouts.com,If you need a revised invoice for combined shipping#comma# please contact us before paying so we can adjust the shipping costs.,,,,Flat,6.875,MN,1,0,55406,FedExHomeDelivery,12,1,10,1,4NY697BLUW014,ReturnsAccepted,MoneyBackOrExchange,Days_14,Buyer,Please contact us before returning any item. Items listed AS-IS or For Parts/Repair are not covered by our return policy.  We offer 14 days to return item after receiving it. If item is defective we will supply return shipping label. Item must be returned in original packaging with all accessories included. We also charge a 15% restocking fee for cancelled transactions that are not shipped#comma# or we let it go to eBay as an unpaid bidder case.  Do Not Bid If You Do Not Intend To Follow Through!,,,,US,0,0,0,0,0,1,100,5,2,Days_30,4,1,-1,1,,,,,
488,VerifyAdd,Failure,21916519,#quote#Error - Listing is missing required item specific(s): #quote##quote#Brand#comma# Style#comma# Size Type#comma# Bottoms Size (Men's)#quote##quote#. Please provide the required item specifics.|Brand#comma# Style#comma# Size Type#comma# Bottoms Size (Men's)|57989|#quote#,,,,,,,,,,,,,,,,,,,,,,,,,,,,,,4P9219000P540,,,,,,,,,,,,VerifyAdd,57989,Carhartt Work Dungaree-BIG Darkstone 54W 30L       ,,<html><body>empty</body></html>,1000,,http://images.nationalgeographic.com/wpf/media-live/photos/000/687/cache/bonobo-congo-ziegler_68751_990x742.jpg,1,Auction,0.01,,3,0,55406,Gallery,1,sales@skygroupcloseouts.com,If you need a revised invoice for combined shipping#comma# please contact us before paying so we can adjust the shipping costs.,,,,Flat,6.875,MN,1,0,55406,FedExHomeDelivery,12,1,10,1,4P9219000P540,ReturnsAccepted,MoneyBackOrExchange,Days_14,Buyer,Please contact us before returning any item. Items listed AS-IS or For Parts/Repair are not covered by our return policy.  We offer 14 days to return item after receiving it. If item is defective we will supply return shipping label. Item must be returned in original packaging with all accessories included. We also charge a 15% restocking fee for cancelled transactions that are not shipped#comma# or we let it go to eBay as an unpaid bidder case.  Do Not Bid If You Do Not Intend To Follow Through!,,,,US,0,0,0,0,0,1,100,5,2,Days_30,4,1,-1,1,,,,,
489,VerifyAdd,Failure,21916519,#quote#Error - Listing is missing required item specific(s): #quote##quote#Brand#comma# Style#comma# Size Type#comma# Bottoms Size (Men's)#quote##quote#. Please provide the required item specifics.|Brand#comma# Style#comma# Size Type#comma# Bottoms Size (Men's)|57989|#quote#,,,,,,,,,,,,,,,,,,,,,,,,,,,,,,4N9103000P342,,,,,,,,,,,,VerifyAdd,57989,Carhartt Bib Overall - Black-34W 32L               ,,<html><body>empty</body></html>,1000,,http://images.nationalgeographic.com/wpf/media-live/photos/000/687/cache/bonobo-congo-ziegler_68751_990x742.jpg,1,Auction,0.01,,3,0,55406,Gallery,1,sales@skygroupcloseouts.com,If you need a revised invoice for combined shipping#comma# please contact us before paying so we can adjust the shipping costs.,,,,Flat,6.875,MN,1,0,55406,FedExHomeDelivery,12,1,10,1,4N9103000P342,ReturnsAccepted,MoneyBackOrExchange,Days_14,Buyer,Please contact us before returning any item. Items listed AS-IS or For Parts/Repair are not covered by our return policy.  We offer 14 days to return item after receiving it. If item is defective we will supply return shipping label. Item must be returned in original packaging with all accessories included. We also charge a 15% restocking fee for cancelled transactions that are not shipped#comma# or we let it go to eBay as an unpaid bidder case.  Do Not Bid If You Do Not Intend To Follow Through!,,,,US,0,0,0,0,0,1,100,5,2,Days_30,4,1,-1,1,,,,,
490,VerifyAdd,Failure,21916519,#quote#Error - Listing is missing required item specific(s): #quote##quote#Brand#comma# Style#comma# Size Type#comma# Bottoms Size (Men's)#quote##quote#. Please provide the required item specifics.|Brand#comma# Style#comma# Size Type#comma# Bottoms Size (Men's)|57989|#quote#,,,,,,,,,,,,,,,,,,,,,,,,,,,,,,4PK942NBL0010,,,,,,,,,,,,VerifyAdd,57989,Betmar Willow Chenille Cloche Black                ,,<html><body>empty</body></html>,1000,,http://images.nationalgeographic.com/wpf/media-live/photos/000/687/cache/bonobo-congo-ziegler_68751_990x742.jpg,1,Auction,0.01,,3,0,55406,Gallery,1,sales@skygroupcloseouts.com,If you need a revised invoice for combined shipping#comma# please contact us before paying so we can adjust the shipping costs.,,,,Flat,6.875,MN,1,0,55406,FedExHomeDelivery,12,1,10,1,4PK942NBL0010,ReturnsAccepted,MoneyBackOrExchange,Days_14,Buyer,Please contact us before returning any item. Items listed AS-IS or For Parts/Repair are not covered by our return policy.  We offer 14 days to return item after receiving it. If item is defective we will supply return shipping label. Item must be returned in original packaging with all accessories included. We also charge a 15% restocking fee for cancelled transactions that are not shipped#comma# or we let it go to eBay as an unpaid bidder case.  Do Not Bid If You Do Not Intend To Follow Through!,,,,US,0,0,0,0,0,1,100,5,2,Days_30,4,1,-1,1,,,,,
491,VerifyAdd,Failure,21916519,#quote#Error - Listing is missing required item specific(s): #quote##quote#Brand#comma# Style#comma# Size Type#comma# Bottoms Size (Men's)#quote##quote#. Please provide the required item specifics.|Brand#comma# Style#comma# Size Type#comma# Bottoms Size (Men's)|57989|#quote#,,,,,,,,,,,,,,,,,,,,,,,,,,,,,,4P9348BNVMNM0,,,,,,,,,,,,VerifyAdd,57989,Carhartt Duck Active/Therm Jkt Navy M38-40         ,,<html><body>empty</body></html>,1000,,http://images.nationalgeographic.com/wpf/media-live/photos/000/687/cache/bonobo-congo-ziegler_68751_990x742.jpg,1,Auction,0.01,,3,0,55406,Gallery,1,sales@skygroupcloseouts.com,If you need a revised invoice for combined shipping#comma# please contact us before paying so we can adjust the shipping costs.,,,,Flat,6.875,MN,1,0,55406,FedExHomeDelivery,12,1,10,1,4P9348BNVMNM0,ReturnsAccepted,MoneyBackOrExchange,Days_14,Buyer,Please contact us before returning any item. Items listed AS-IS or For Parts/Repair are not covered by our return policy.  We offer 14 days to return item after receiving it. If item is defective we will supply return shipping label. Item must be returned in original packaging with all accessories included. We also charge a 15% restocking fee for cancelled transactions that are not shipped#comma# or we let it go to eBay as an unpaid bidder case.  Do Not Bid If You Do Not Intend To Follow Through!,,,,US,0,0,0,0,0,1,100,5,2,Days_30,4,1,-1,1,,,,,
492,VerifyAdd,Failure,21916519,#quote#Error - Listing is missing required item specific(s): #quote##quote#Brand#comma# Style#comma# Size Type#comma# Bottoms Size (Men's)#quote##quote#. Please provide the required item specifics.|Brand#comma# Style#comma# Size Type#comma# Bottoms Size (Men's)|57989|#quote#,,,,,,,,,,,,,,,,,,,,,,,,,,,,,,4N9103000P484,,,,,,,,,,,,VerifyAdd,57989,Carhartt Bib Overall - Black-48W 34L               ,,<html><body>empty</body></html>,1000,,http://images.nationalgeographic.com/wpf/media-live/photos/000/687/cache/bonobo-congo-ziegler_68751_990x742.jpg,1,Auction,0.01,,3,0,55406,Gallery,1,sales@skygroupcloseouts.com,If you need a revised invoice for combined shipping#comma# please contact us before paying so we can adjust the shipping costs.,,,,Flat,6.875,MN,1,0,55406,FedExHomeDelivery,12,1,10,1,4N9103000P484,ReturnsAccepted,MoneyBackOrExchange,Days_14,Buyer,Please contact us before returning any item. Items listed AS-IS or For Parts/Repair are not covered by our return policy.  We offer 14 days to return item after receiving it. If item is defective we will supply return shipping label. Item must be returned in original packaging with all accessories included. We also charge a 15% restocking fee for cancelled transactions that are not shipped#comma# or we let it go to eBay as an unpaid bidder case.  Do Not Bid If You Do Not Intend To Follow Through!,,,,US,0,0,0,0,0,1,100,5,2,Days_30,4,1,-1,1,,,,,
493,VerifyAdd,Failure,21916519,#quote#Error - Listing is missing required item specific(s): #quote##quote#Brand#comma# Style#comma# Size Type#comma# Bottoms Size (Men's)#quote##quote#. Please provide the required item specifics.|Brand#comma# Style#comma# Size Type#comma# Bottoms Size (Men's)|57989|#quote#,,,,,,,,,,,,,,,,,,,,,,,,,,,,,,4QJ038NBLP463,,,,,,,,,,,,VerifyAdd,57989,Steve Harvey BT Denim Black 46W 33L                ,,<html><body>empty</body></html>,1000,,http://images.nationalgeographic.com/wpf/media-live/photos/000/687/cache/bonobo-congo-ziegler_68751_990x742.jpg,1,Auction,0.01,,3,0,55406,Gallery,1,sales@skygroupcloseouts.com,If you need a revised invoice for combined shipping#comma# please contact us before paying so we can adjust the shipping costs.,,,,Flat,6.875,MN,1,0,55406,FedExHomeDelivery,12,1,10,1,4QJ038NBLP463,ReturnsAccepted,MoneyBackOrExchange,Days_14,Buyer,Please contact us before returning any item. Items listed AS-IS or For Parts/Repair are not covered by our return policy.  We offer 14 days to return item after receiving it. If item is defective we will supply return shipping label. Item must be returned in original packaging with all accessories included. We also charge a 15% restocking fee for cancelled transactions that are not shipped#comma# or we let it go to eBay as an unpaid bidder case.  Do Not Bid If You Do Not Intend To Follow Through!,,,,US,0,0,0,0,0,1,100,5,2,Days_30,4,1,-1,1,,,,,
494,VerifyAdd,Failure,21916519,#quote#Error - Listing is missing required item specific(s): #quote##quote#Brand#comma# Style#comma# Size Type#comma# Bottoms Size (Men's)#quote##quote#. Please provide the required item specifics.|Brand#comma# Style#comma# Size Type#comma# Bottoms Size (Men's)|57989|#quote#,,,,,,,,,,,,,,,,,,,,,,,,,,,,,,4N9046NTNP402,,,,,,,,,,,,VerifyAdd,57989,Carhartt Canvas Work Dungaree Tan 40W 32L          ,,<html><body>empty</body></html>,1000,,http://images.nationalgeographic.com/wpf/media-live/photos/000/687/cache/bonobo-congo-ziegler_68751_990x742.jpg,1,Auction,0.01,,3,0,55406,Gallery,1,sales@skygroupcloseouts.com,If you need a revised invoice for combined shipping#comma# please contact us before paying so we can adjust the shipping costs.,,,,Flat,6.875,MN,1,0,55406,FedExHomeDelivery,12,1,10,1,4N9046NTNP402,ReturnsAccepted,MoneyBackOrExchange,Days_14,Buyer,Please contact us before returning any item. Items listed AS-IS or For Parts/Repair are not covered by our return policy.  We offer 14 days to return item after receiving it. If item is defective we will supply return shipping label. Item must be returned in original packaging with all accessories included. We also charge a 15% restocking fee for cancelled transactions that are not shipped#comma# or we let it go to eBay as an unpaid bidder case.  Do Not Bid If You Do Not Intend To Follow Through!,,,,US,0,0,0,0,0,1,100,5,2,Days_30,4,1,-1,1,,,,,
495,VerifyAdd,Failure,21916519,#quote#Error - Listing is missing required item specific(s): #quote##quote#Brand#comma# Style#comma# Size Type#comma# Bottoms Size (Men's)#quote##quote#. Please provide the required item specifics.|Brand#comma# Style#comma# Size Type#comma# Bottoms Size (Men's)|57989|#quote#,,,,,,,,,,,,,,,,,,,,,,,,,,,,,,4N9106000P340,,,,,,,,,,,,VerifyAdd,57989,Carhartt Bib Overall - Brown-34W 30L               ,,<html><body>empty</body></html>,1000,,http://images.nationalgeographic.com/wpf/media-live/photos/000/687/cache/bonobo-congo-ziegler_68751_990x742.jpg,1,Auction,0.01,,3,0,55406,Gallery,1,sales@skygroupcloseouts.com,If you need a revised invoice for combined shipping#comma# please contact us before paying so we can adjust the shipping costs.,,,,Flat,6.875,MN,1,0,55406,FedExHomeDelivery,12,1,10,1,4N9106000P340,ReturnsAccepted,MoneyBackOrExchange,Days_14,Buyer,Please contact us before returning any item. Items listed AS-IS or For Parts/Repair are not covered by our return policy.  We offer 14 days to return item after receiving it. If item is defective we will supply return shipping label. Item must be returned in original packaging with all accessories included. We also charge a 15% restocking fee for cancelled transactions that are not shipped#comma# or we let it go to eBay as an unpaid bidder case.  Do Not Bid If You Do Not Intend To Follow Through!,,,,US,0,0,0,0,0,1,100,5,2,Days_30,4,1,-1,1,,,,,
496,VerifyAdd,Failure,21916519,#quote#Error - Listing is missing required item specific(s): #quote##quote#Brand#comma# Style#comma# Size Type#comma# Bottoms Size (Men's)#quote##quote#. Please provide the required item specifics.|Brand#comma# Style#comma# Size Type#comma# Bottoms Size (Men's)|57989|#quote#,,,,,,,,,,,,,,,,,,,,,,,,,,,,,,4PF223NAF0010,,,,,,,,,,,,VerifyAdd,57989,EclipseTavrnBOTherm 63#quote#Panel-Cafe                  ,,<html><body>empty</body></html>,1000,,http://images.nationalgeographic.com/wpf/media-live/photos/000/687/cache/bonobo-congo-ziegler_68751_990x742.jpg,1,Auction,0.01,,3,0,55406,Gallery,1,sales@skygroupcloseouts.com,If you need a revised invoice for combined shipping#comma# please contact us before paying so we can adjust the shipping costs.,,,,Flat,6.875,MN,1,0,55406,FedExHomeDelivery,12,1,10,1,4PF223NAF0010,ReturnsAccepted,MoneyBackOrExchange,Days_14,Buyer,Please contact us before returning any item. Items listed AS-IS or For Parts/Repair are not covered by our return policy.  We offer 14 days to return item after receiving it. If item is defective we will supply return shipping label. Item must be returned in original packaging with all accessories included. We also charge a 15% restocking fee for cancelled transactions that are not shipped#comma# or we let it go to eBay as an unpaid bidder case.  Do Not Bid If You Do Not Intend To Follow Through!,,,,US,0,0,0,0,0,1,100,5,2,Days_30,4,1,-1,1,,,,,
497,VerifyAdd,Failure,21916519,#quote#Error - Listing is missing required item specific(s): #quote##quote#Brand#comma# Style#comma# Size Type#comma# Bottoms Size (Men's)#quote##quote#. Please provide the required item specifics.|Brand#comma# Style#comma# Size Type#comma# Bottoms Size (Men's)|57989|#quote#,,,,,,,,,,,,,,,,,,,,,,,,,,,,,,4PJ802BNVMM34,,,,,,,,,,,,VerifyAdd,57989,Steve Harv Mn Windowpane2pcSet Navy Medium/34      ,,<html><body>empty</body></html>,1000,,http://images.nationalgeographic.com/wpf/media-live/photos/000/687/cache/bonobo-congo-ziegler_68751_990x742.jpg,1,Auction,0.01,,3,0,55406,Gallery,1,sales@skygroupcloseouts.com,If you need a revised invoice for combined shipping#comma# please contact us before paying so we can adjust the shipping costs.,,,,Flat,6.875,MN,1,0,55406,FedExHomeDelivery,12,1,10,1,4PJ802BNVMM34,ReturnsAccepted,MoneyBackOrExchange,Days_14,Buyer,Please contact us before returning any item. Items listed AS-IS or For Parts/Repair are not covered by our return policy.  We offer 14 days to return item after receiving it. If item is defective we will supply return shipping label. Item must be returned in original packaging with all accessories included. We also charge a 15% restocking fee for cancelled transactions that are not shipped#comma# or we let it go to eBay as an unpaid bidder case.  Do Not Bid If You Do Not Intend To Follow Through!,,,,US,0,0,0,0,0,1,100,5,2,Days_30,4,1,-1,1,,,,,
498,VerifyAdd,Failure,21916519,#quote#Error - Listing is missing required item specific(s): #quote##quote#Brand#comma# Style#comma# Size Type#comma# Bottoms Size (Men's)#quote##quote#. Please provide the required item specifics.|Brand#comma# Style#comma# Size Type#comma# Bottoms Size (Men's)|57989|#quote#,,,,,,,,,,,,,,,,,,,,,,,,,,,,,,4PW585000WJ30,,,,,,,,,,,,VerifyAdd,57989,JSimp Ms KissMeJeg Peach Print 30                  ,,<html><body>empty</body></html>,1000,,http://images.nationalgeographic.com/wpf/media-live/photos/000/687/cache/bonobo-congo-ziegler_68751_990x742.jpg,1,Auction,0.01,,3,0,55406,Gallery,1,sales@skygroupcloseouts.com,If you need a revised invoice for combined shipping#comma# please contact us before paying so we can adjust the shipping costs.,,,,Flat,6.875,MN,1,0,55406,FedExHomeDelivery,12,1,10,1,4PW585000WJ30,ReturnsAccepted,MoneyBackOrExchange,Days_14,Buyer,Please contact us before returning any item. Items listed AS-IS or For Parts/Repair are not covered by our return policy.  We offer 14 days to return item after receiving it. If item is defective we will supply return shipping label. Item must be returned in original packaging with all accessories included. We also charge a 15% restocking fee for cancelled transactions that are not shipped#comma# or we let it go to eBay as an unpaid bidder case.  Do Not Bid If You Do Not Intend To Follow Through!,,,,US,0,0,0,0,0,1,100,5,2,Days_30,4,1,-1,1,,,,,
499,VerifyAdd,Failure,21916519,#quote#Error - Listing is missing required item specific(s): #quote##quote#Brand#comma# Style#comma# Size Type#comma# Bottoms Size (Men's)#quote##quote#. Please provide the required item specifics.|Brand#comma# Style#comma# Size Type#comma# Bottoms Size (Men's)|57989|#quote#,,,,,,,,,,,,,,,,,,,,,,,,,,,,,,4PF669PLE0010,,,,,,,,,,,,VerifyAdd,57989,MyhomeOutofAfrica 16#quote#x16#quote# Pillow-Leopard           ,,<html><body>empty</body></html>,1000,,http://images.nationalgeographic.com/wpf/media-live/photos/000/687/cache/bonobo-congo-ziegler_68751_990x742.jpg,1,Auction,0.01,,3,0,55406,Gallery,1,sales@skygroupcloseouts.com,If you need a revised invoice for combined shipping#comma# please contact us before paying so we can adjust the shipping costs.,,,,Flat,6.875,MN,1,0,55406,FedExHomeDelivery,12,1,10,1,4PF669PLE0010,ReturnsAccepted,MoneyBackOrExchange,Days_14,Buyer,Please contact us before returning any item. Items listed AS-IS or For Parts/Repair are not covered by our return policy.  We offer 14 days to return item after receiving it. If item is defective we will supply return shipping label. Item must be returned in original packaging with all accessories included. We also charge a 15% restocking fee for cancelled transactions that are not shipped#comma# or we let it go to eBay as an unpaid bidder case.  Do Not Bid If You Do Not Intend To Follow Through!,,,,US,0,0,0,0,0,1,100,5,2,Days_30,4,1,-1,1,,,,,
500,VerifyAdd,Failure,21916519,#quote#Error - Listing is missing required item specific(s): #quote##quote#Brand#comma# Style#comma# Size Type#comma# Bottoms Size (Men's)#quote##quote#. Please provide the required item specifics.|Brand#comma# Style#comma# Size Type#comma# Bottoms Size (Men's)|57989|#quote#,,,,,,,,,,,,,,,,,,,,,,,,,,,,,,4N9103000P344,,,,,,,,,,,,VerifyAdd,57989,Carhartt Bib Overall - Black-34W 34L               ,,<html><body>empty</body></html>,1000,,http://images.nationalgeographic.com/wpf/media-live/photos/000/687/cache/bonobo-congo-ziegler_68751_990x742.jpg,1,Auction,0.01,,3,0,55406,Gallery,1,sales@skygroupcloseouts.com,If you need a revised invoice for combined shipping#comma# please contact us before paying so we can adjust the shipping costs.,,,,Flat,6.875,MN,1,0,55406,FedExHomeDelivery,12,1,10,1,4N9103000P344,ReturnsAccepted,MoneyBackOrExchange,Days_14,Buyer,Please contact us before returning any item. Items listed AS-IS or For Parts/Repair are not covered by our return policy.  We offer 14 days to return item after receiving it. If item is defective we will supply return shipping label. Item must be returned in original packaging with all accessories included. We also charge a 15% restocking fee for cancelled transactions that are not shipped#comma# or we let it go to eBay as an unpaid bidder case.  Do Not Bid If You Do Not Intend To Follow Through!,,,,US,0,0,0,0,0,1,100,5,2,Days_30,4,1,-1,1,,,,,
501,VerifyAdd,Failure,21916519,#quote#Error - Listing is missing required item specific(s): #quote##quote#Brand#comma# Style#comma# Size Type#comma# Bottoms Size (Men's)#quote##quote#. Please provide the required item specifics.|Brand#comma# Style#comma# Size Type#comma# Bottoms Size (Men's)|57989|#quote#,,,,,,,,,,,,,,,,,,,,,,,,,,,,,,4QJ038NBLP483,,,,,,,,,,,,VerifyAdd,57989,Steve Harvey BT Denim Black 48W 33L                ,,<html><body>empty</body></html>,1000,,http://images.nationalgeographic.com/wpf/media-live/photos/000/687/cache/bonobo-congo-ziegler_68751_990x742.jpg,1,Auction,0.01,,3,0,55406,Gallery,1,sales@skygroupcloseouts.com,If you need a revised invoice for combined shipping#comma# please contact us before paying so we can adjust the shipping costs.,,,,Flat,6.875,MN,1,0,55406,FedExHomeDelivery,12,1,10,1,4QJ038NBLP483,ReturnsAccepted,MoneyBackOrExchange,Days_14,Buyer,Please contact us before returning any item. Items listed AS-IS or For Parts/Repair are not covered by our return policy.  We offer 14 days to return item after receiving it. If item is defective we will supply return shipping label. Item must be returned in original packaging with all accessories included. We also charge a 15% restocking fee for cancelled transactions that are not shipped#comma# or we let it go to eBay as an unpaid bidder case.  Do Not Bid If You Do Not Intend To Follow Through!,,,,US,0,0,0,0,0,1,100,5,2,Days_30,4,1,-1,1,,,,,
502,VerifyAdd,Failure,21916519,#quote#Error - Listing is missing required item specific(s): #quote##quote#Brand#comma# Style#comma# Size Type#comma# Bottoms Size (Men's)#quote##quote#. Please provide the required item specifics.|Brand#comma# Style#comma# Size Type#comma# Bottoms Size (Men's)|57989|#quote#,,,,,,,,,,,,,,,,,,,,,,,,,,,,,,4N9106000P462,,,,,,,,,,,,VerifyAdd,57989,Carhartt Bib Overall - Brown-46W 32L               ,,<html><body>empty</body></html>,1000,,http://images.nationalgeographic.com/wpf/media-live/photos/000/687/cache/bonobo-congo-ziegler_68751_990x742.jpg,1,Auction,0.01,,3,0,55406,Gallery,1,sales@skygroupcloseouts.com,If you need a revised invoice for combined shipping#comma# please contact us before paying so we can adjust the shipping costs.,,,,Flat,6.875,MN,1,0,55406,FedExHomeDelivery,12,1,10,1,4N9106000P462,ReturnsAccepted,MoneyBackOrExchange,Days_14,Buyer,Please contact us before returning any item. Items listed AS-IS or For Parts/Repair are not covered by our return policy.  We offer 14 days to return item after receiving it. If item is defective we will supply return shipping label. Item must be returned in original packaging with all accessories included. We also charge a 15% restocking fee for cancelled transactions that are not shipped#comma# or we let it go to eBay as an unpaid bidder case.  Do Not Bid If You Do Not Intend To Follow Through!,,,,US,0,0,0,0,0,1,100,5,2,Days_30,4,1,-1,1,,,,,
503,VerifyAdd,Failure,21916519,#quote#Error - Listing is missing required item specific(s): #quote##quote#Brand#comma# Style#comma# Size Type#comma# Bottoms Size (Men's)#quote##quote#. Please provide the required item specifics.|Brand#comma# Style#comma# Size Type#comma# Bottoms Size (Men's)|57989|#quote#,,,,,,,,,,,,,,,,,,,,,,,,,,,,,,4N9106000P384,,,,,,,,,,,,VerifyAdd,57989,Carhartt Bib Overall - Brown-38W 34L               ,,<html><body>empty</body></html>,1000,,http://images.nationalgeographic.com/wpf/media-live/photos/000/687/cache/bonobo-congo-ziegler_68751_990x742.jpg,1,Auction,0.01,,3,0,55406,Gallery,1,sales@skygroupcloseouts.com,If you need a revised invoice for combined shipping#comma# please contact us before paying so we can adjust the shipping costs.,,,,Flat,6.875,MN,1,0,55406,FedExHomeDelivery,12,1,10,1,4N9106000P384,ReturnsAccepted,MoneyBackOrExchange,Days_14,Buyer,Please contact us before returning any item. Items listed AS-IS or For Parts/Repair are not covered by our return policy.  We offer 14 days to return item after receiving it. If item is defective we will supply return shipping label. Item must be returned in original packaging with all accessories included. We also charge a 15% restocking fee for cancelled transactions that are not shipped#comma# or we let it go to eBay as an unpaid bidder case.  Do Not Bid If You Do Not Intend To Follow Through!,,,,US,0,0,0,0,0,1,100,5,2,Days_30,4,1,-1,1,,,,,
504,VerifyAdd,Failure,21916519,#quote#Error - Listing is missing required item specific(s): #quote##quote#Brand#comma# Style#comma# Size Type#comma# Bottoms Size (Men's)#quote##quote#. Please provide the required item specifics.|Brand#comma# Style#comma# Size Type#comma# Bottoms Size (Men's)|57989|#quote#,,,,,,,,,,,,,,,,,,,,,,,,,,,,,,4N9103000P462,,,,,,,,,,,,VerifyAdd,57989,Carhartt Bib Overall - Black-46W 32L               ,,<html><body>empty</body></html>,1000,,http://images.nationalgeographic.com/wpf/media-live/photos/000/687/cache/bonobo-congo-ziegler_68751_990x742.jpg,1,Auction,0.01,,3,0,55406,Gallery,1,sales@skygroupcloseouts.com,If you need a revised invoice for combined shipping#comma# please contact us before paying so we can adjust the shipping costs.,,,,Flat,6.875,MN,1,0,55406,FedExHomeDelivery,12,1,10,1,4N9103000P462,ReturnsAccepted,MoneyBackOrExchange,Days_14,Buyer,Please contact us before returning any item. Items listed AS-IS or For Parts/Repair are not covered by our return policy.  We offer 14 days to return item after receiving it. If item is defective we will supply return shipping label. Item must be returned in original packaging with all accessories included. We also charge a 15% restocking fee for cancelled transactions that are not shipped#comma# or we let it go to eBay as an unpaid bidder case.  Do Not Bid If You Do Not Intend To Follow Through!,,,,US,0,0,0,0,0,1,100,5,2,Days_30,4,1,-1,1,,,,,
505,VerifyAdd,Failure,21916519,#quote#Error - Listing is missing required item specific(s): #quote##quote#Brand#comma# Style#comma# Size Type#comma# Bottoms Size (Men's)#quote##quote#. Please provide the required item specifics.|Brand#comma# Style#comma# Size Type#comma# Bottoms Size (Men's)|57989|#quote#,,,,,,,,,,,,,,,,,,,,,,,,,,,,,,4N9103000P446,,,,,,,,,,,,VerifyAdd,57989,Carhartt Bib Overall - Black-44W 36L               ,,<html><body>empty</body></html>,1000,,http://images.nationalgeographic.com/wpf/media-live/photos/000/687/cache/bonobo-congo-ziegler_68751_990x742.jpg,1,Auction,0.01,,3,0,55406,Gallery,1,sales@skygroupcloseouts.com,If you need a revised invoice for combined shipping#comma# please contact us before paying so we can adjust the shipping costs.,,,,Flat,6.875,MN,1,0,55406,FedExHomeDelivery,12,1,10,1,4N9103000P446,ReturnsAccepted,MoneyBackOrExchange,Days_14,Buyer,Please contact us before returning any item. Items listed AS-IS or For Parts/Repair are not covered by our return policy.  We offer 14 days to return item after receiving it. If item is defective we will supply return shipping label. Item must be returned in original packaging with all accessories included. We also charge a 15% restocking fee for cancelled transactions that are not shipped#comma# or we let it go to eBay as an unpaid bidder case.  Do Not Bid If You Do Not Intend To Follow Through!,,,,US,0,0,0,0,0,1,100,5,2,Days_30,4,1,-1,1,,,,,
506,VerifyAdd,Failure,21916519,#quote#Error - Listing is missing required item specific(s): #quote##quote#Brand#comma# Style#comma# Size Type#comma# Bottoms Size (Men's)#quote##quote#. Please provide the required item specifics.|Brand#comma# Style#comma# Size Type#comma# Bottoms Size (Men's)|57989|#quote#,,,,,,,,,,,,,,,,,,,,,,,,,,,,,,4QG698BDNW016,,,,,,,,,,,,VerifyAdd,57989,Coogi Wm Print Pocket Short Denim 16W              ,,<html><body>empty</body></html>,1000,,http://images.nationalgeographic.com/wpf/media-live/photos/000/687/cache/bonobo-congo-ziegler_68751_990x742.jpg,1,Auction,0.01,,3,0,55406,Gallery,1,sales@skygroupcloseouts.com,If you need a revised invoice for combined shipping#comma# please contact us before paying so we can adjust the shipping costs.,,,,Flat,6.875,MN,1,0,55406,FedExHomeDelivery,12,1,10,1,4QG698BDNW016,ReturnsAccepted,MoneyBackOrExchange,Days_14,Buyer,Please contact us before returning any item. Items listed AS-IS or For Parts/Repair are not covered by our return policy.  We offer 14 days to return item after receiving it. If item is defective we will supply return shipping label. Item must be returned in original packaging with all accessories included. We also charge a 15% restocking fee for cancelled transactions that are not shipped#comma# or we let it go to eBay as an unpaid bidder case.  Do Not Bid If You Do Not Intend To Follow Through!,,,,US,0,0,0,0,0,1,100,5,2,Days_30,4,1,-1,1,,,,,
507,VerifyAdd,Failure,21916519,#quote#Error - Listing is missing required item specific(s): #quote##quote#Brand#comma# Style#comma# Size Type#comma# Bottoms Size (Men's)#quote##quote#. Please provide the required item specifics.|Brand#comma# Style#comma# Size Type#comma# Bottoms Size (Men's)|57989|#quote#,,,,,,,,,,,,,,,,,,,,,,,,,,,,,,4N9106000P402,,,,,,,,,,,,VerifyAdd,57989,Carhartt Bib Overall - Brown-40W 32L               ,,<html><body>empty</body></html>,1000,,http://images.nationalgeographic.com/wpf/media-live/photos/000/687/cache/bonobo-congo-ziegler_68751_990x742.jpg,1,Auction,0.01,,3,0,55406,Gallery,1,sales@skygroupcloseouts.com,If you need a revised invoice for combined shipping#comma# please contact us before paying so we can adjust the shipping costs.,,,,Flat,6.875,MN,1,0,55406,FedExHomeDelivery,12,1,10,1,4N9106000P402,ReturnsAccepted,MoneyBackOrExchange,Days_14,Buyer,Please contact us before returning any item. Items listed AS-IS or For Parts/Repair are not covered by our return policy.  We offer 14 days to return item after receiving it. If item is defective we will supply return shipping label. Item must be returned in original packaging with all accessories included. We also charge a 15% restocking fee for cancelled transactions that are not shipped#comma# or we let it go to eBay as an unpaid bidder case.  Do Not Bid If You Do Not Intend To Follow Through!,,,,US,0,0,0,0,0,1,100,5,2,Days_30,4,1,-1,1,,,,,
508,VerifyAdd,Failure,21916519,#quote#Error - Listing is missing required item specific(s): #quote##quote#Brand#comma# Style#comma# Size Type#comma# Bottoms Size (Men's)#quote##quote#. Please provide the required item specifics.|Brand#comma# Style#comma# Size Type#comma# Bottoms Size (Men's)|57989|#quote#,,,,,,,,,,,,,,,,,,,,,,,,,,,,,,4QC736NGEA2XL,,,,,,,,,,,,VerifyAdd,57989,Rocawear Mns Ambition Pant Grey 2 XL               ,,<html><body>empty</body></html>,1000,,http://images.nationalgeographic.com/wpf/media-live/photos/000/687/cache/bonobo-congo-ziegler_68751_990x742.jpg,1,Auction,0.01,,3,0,55406,Gallery,1,sales@skygroupcloseouts.com,If you need a revised invoice for combined shipping#comma# please contact us before paying so we can adjust the shipping costs.,,,,Flat,6.875,MN,1,0,55406,FedExHomeDelivery,12,1,10,1,4QC736NGEA2XL,ReturnsAccepted,MoneyBackOrExchange,Days_14,Buyer,Please contact us before returning any item. Items listed AS-IS or For Parts/Repair are not covered by our return policy.  We offer 14 days to return item after receiving it. If item is defective we will supply return shipping label. Item must be returned in original packaging with all accessories included. We also charge a 15% restocking fee for cancelled transactions that are not shipped#comma# or we let it go to eBay as an unpaid bidder case.  Do Not Bid If You Do Not Intend To Follow Through!,,,,US,0,0,0,0,0,1,100,5,2,Days_30,4,1,-1,1,,,,,
509,VerifyAdd,Failure,21916519,#quote#Error - Listing is missing required item specific(s): #quote##quote#Brand#comma# Style#comma# Size Type#comma# Bottoms Size (Men's)#quote##quote#. Please provide the required item specifics.|Brand#comma# Style#comma# Size Type#comma# Bottoms Size (Men's)|57989|#quote#,,,,,,,,,,,,,,,,,,,,,,,,,,,,,,4N9106000P386,,,,,,,,,,,,VerifyAdd,57989,Carhartt Bib Overall - Brown-38W 36L               ,,<html><body>empty</body></html>,1000,,http://images.nationalgeographic.com/wpf/media-live/photos/000/687/cache/bonobo-congo-ziegler_68751_990x742.jpg,1,Auction,0.01,,3,0,55406,Gallery,1,sales@skygroupcloseouts.com,If you need a revised invoice for combined shipping#comma# please contact us before paying so we can adjust the shipping costs.,,,,Flat,6.875,MN,1,0,55406,FedExHomeDelivery,12,1,10,1,4N9106000P386,ReturnsAccepted,MoneyBackOrExchange,Days_14,Buyer,Please contact us before returning any item. Items listed AS-IS or For Parts/Repair are not covered by our return policy.  We offer 14 days to return item after receiving it. If item is defective we will supply return shipping label. Item must be returned in original packaging with all accessories included. We also charge a 15% restocking fee for cancelled transactions that are not shipped#comma# or we let it go to eBay as an unpaid bidder case.  Do Not Bid If You Do Not Intend To Follow Through!,,,,US,0,0,0,0,0,1,100,5,2,Days_30,4,1,-1,1,,,,,
510,VerifyAdd,Failure,21916519,#quote#Error - Listing is missing required item specific(s): #quote##quote#Brand#comma# Style#comma# Size Type#comma# Bottoms Size (Men's)#quote##quote#. Please provide the required item specifics.|Brand#comma# Style#comma# Size Type#comma# Bottoms Size (Men's)|57989|#quote#,,,,,,,,,,,,,,,,,,,,,,,,,,,,,,4N9106000P322,,,,,,,,,,,,VerifyAdd,57989,Carhartt Bib Overall - Brown-32W 32L               ,,<html><body>empty</body></html>,1000,,http://images.nationalgeographic.com/wpf/media-live/photos/000/687/cache/bonobo-congo-ziegler_68751_990x742.jpg,1,Auction,0.01,,3,0,55406,Gallery,1,sales@skygroupcloseouts.com,If you need a revised invoice for combined shipping#comma# please contact us before paying so we can adjust the shipping costs.,,,,Flat,6.875,MN,1,0,55406,FedExHomeDelivery,12,1,10,1,4N9106000P322,ReturnsAccepted,MoneyBackOrExchange,Days_14,Buyer,Please contact us before returning any item. Items listed AS-IS or For Parts/Repair are not covered by our return policy.  We offer 14 days to return item after receiving it. If item is defective we will supply return shipping label. Item must be returned in original packaging with all accessories included. We also charge a 15% restocking fee for cancelled transactions that are not shipped#comma# or we let it go to eBay as an unpaid bidder case.  Do Not Bid If You Do Not Intend To Follow Through!,,,,US,0,0,0,0,0,1,100,5,2,Days_30,4,1,-1,1,,,,,
511,VerifyAdd,Failure,21916519,#quote#Error - Listing is missing required item specific(s): #quote##quote#Brand#comma# Style#comma# Size Type#comma# Bottoms Size (Men's)#quote##quote#. Please provide the required item specifics.|Brand#comma# Style#comma# Size Type#comma# Bottoms Size (Men's)|57989|#quote#,,,,,,,,,,,,,,,,,,,,,,,,,,,,,,4PK9010000010,,,,,,,,,,,,VerifyAdd,57989,Gabriella 20#quote#x26#quote# Standard Sham                    ,,<html><body>empty</body></html>,1000,,http://images.nationalgeographic.com/wpf/media-live/photos/000/687/cache/bonobo-congo-ziegler_68751_990x742.jpg,1,Auction,0.01,,3,0,55406,Gallery,1,sales@skygroupcloseouts.com,If you need a revised invoice for combined shipping#comma# please contact us before paying so we can adjust the shipping costs.,,,,Flat,6.875,MN,1,0,55406,FedExHomeDelivery,12,1,10,1,4PK9010000010,ReturnsAccepted,MoneyBackOrExchange,Days_14,Buyer,Please contact us before returning any item. Items listed AS-IS or For Parts/Repair are not covered by our return policy.  We offer 14 days to return item after receiving it. If item is defective we will supply return shipping label. Item must be returned in original packaging with all accessories included. We also charge a 15% restocking fee for cancelled transactions that are not shipped#comma# or we let it go to eBay as an unpaid bidder case.  Do Not Bid If You Do Not Intend To Follow Through!,,,,US,0,0,0,0,0,1,100,5,2,Days_30,4,1,-1,1,,,,,
512,VerifyAdd,Failure,21916519,#quote#Error - Listing is missing required item specific(s): #quote##quote#Brand#comma# Style#comma# Size Type#comma# Bottoms Size (Men's)#quote##quote#. Please provide the required item specifics.|Brand#comma# Style#comma# Size Type#comma# Bottoms Size (Men's)|57989|#quote#,,,,,,,,,,,,,,,,,,,,,,,,,,,,,,4N9106000P380,,,,,,,,,,,,VerifyAdd,57989,Carhartt Bib Overall - Brown-38W 30L               ,,<html><body>empty</body></html>,1000,,http://images.nationalgeographic.com/wpf/media-live/photos/000/687/cache/bonobo-congo-ziegler_68751_990x742.jpg,1,Auction,0.01,,3,0,55406,Gallery,1,sales@skygroupcloseouts.com,If you need a revised invoice for combined shipping#comma# please contact us before paying so we can adjust the shipping costs.,,,,Flat,6.875,MN,1,0,55406,FedExHomeDelivery,12,1,10,1,4N9106000P380,ReturnsAccepted,MoneyBackOrExchange,Days_14,Buyer,Please contact us before returning any item. Items listed AS-IS or For Parts/Repair are not covered by our return policy.  We offer 14 days to return item after receiving it. If item is defective we will supply return shipping label. Item must be returned in original packaging with all accessories included. We also charge a 15% restocking fee for cancelled transactions that are not shipped#comma# or we let it go to eBay as an unpaid bidder case.  Do Not Bid If You Do Not Intend To Follow Through!,,,,US,0,0,0,0,0,1,100,5,2,Days_30,4,1,-1,1,,,,,
513,VerifyAdd,Failure,21916519,#quote#Error - Listing is missing required item specific(s): #quote##quote#Brand#comma# Style#comma# Size Type#comma# Bottoms Size (Men's)#quote##quote#. Please provide the required item specifics.|Brand#comma# Style#comma# Size Type#comma# Bottoms Size (Men's)|57989|#quote#,,,,,,,,,,,,,,,,,,,,,,,,,,,,,,4PW689CCTALRG,,,,,,,,,,,,VerifyAdd,57989,Apple Bottoms Ms Graphic Tee Cherry Tomato Large   ,,<html><body>empty</body></html>,1000,,http://images.nationalgeographic.com/wpf/media-live/photos/000/687/cache/bonobo-congo-ziegler_68751_990x742.jpg,1,Auction,0.01,,3,0,55406,Gallery,1,sales@skygroupcloseouts.com,If you need a revised invoice for combined shipping#comma# please contact us before paying so we can adjust the shipping costs.,,,,Flat,6.875,MN,1,0,55406,FedExHomeDelivery,12,1,10,1,4PW689CCTALRG,ReturnsAccepted,MoneyBackOrExchange,Days_14,Buyer,Please contact us before returning any item. Items listed AS-IS or For Parts/Repair are not covered by our return policy.  We offer 14 days to return item after receiving it. If item is defective we will supply return shipping label. Item must be returned in original packaging with all accessories included. We also charge a 15% restocking fee for cancelled transactions that are not shipped#comma# or we let it go to eBay as an unpaid bidder case.  Do Not Bid If You Do Not Intend To Follow Through!,,,,US,0,0,0,0,0,1,100,5,2,Days_30,4,1,-1,1,,,,,
514,VerifyAdd,Failure,21916519,#quote#Error - Listing is missing required item specific(s): #quote##quote#Brand#comma# Style#comma# Size Type#comma# Bottoms Size (Men's)#quote##quote#. Please provide the required item specifics.|Brand#comma# Style#comma# Size Type#comma# Bottoms Size (Men's)|57989|#quote#,,,,,,,,,,,,,,,,,,,,,,,,,,,,,,4N9046NTNP382,,,,,,,,,,,,VerifyAdd,57989,Carhartt Canvas Work Dungaree Tan 38W 32L          ,,<html><body>empty</body></html>,1000,,http://images.nationalgeographic.com/wpf/media-live/photos/000/687/cache/bonobo-congo-ziegler_68751_990x742.jpg,1,Auction,0.01,,3,0,55406,Gallery,1,sales@skygroupcloseouts.com,If you need a revised invoice for combined shipping#comma# please contact us before paying so we can adjust the shipping costs.,,,,Flat,6.875,MN,1,0,55406,FedExHomeDelivery,12,1,10,1,4N9046NTNP382,ReturnsAccepted,MoneyBackOrExchange,Days_14,Buyer,Please contact us before returning any item. Items listed AS-IS or For Parts/Repair are not covered by our return policy.  We offer 14 days to return item after receiving it. If item is defective we will supply return shipping label. Item must be returned in original packaging with all accessories included. We also charge a 15% restocking fee for cancelled transactions that are not shipped#comma# or we let it go to eBay as an unpaid bidder case.  Do Not Bid If You Do Not Intend To Follow Through!,,,,US,0,0,0,0,0,1,100,5,2,Days_30,4,1,-1,1,,,,,
515,VerifyAdd,Failure,21916519,#quote#Error - Listing is missing required item specific(s): #quote##quote#Brand#comma# Style#comma# Size Type#comma# Bottoms Size (Men's)#quote##quote#. Please provide the required item specifics.|Brand#comma# Style#comma# Size Type#comma# Bottoms Size (Men's)|57989|#quote#,,,,,,,,,,,,,,,,,,,,,,,,,,,,,,4QC662RKRSL01,,,,,,,,,,,,VerifyAdd,57989,SteveMaddenMissHigh-Low HemJkt Dark Red Large      ,,<html><body>empty</body></html>,1000,,http://images.nationalgeographic.com/wpf/media-live/photos/000/687/cache/bonobo-congo-ziegler_68751_990x742.jpg,1,Auction,0.01,,3,0,55406,Gallery,1,sales@skygroupcloseouts.com,If you need a revised invoice for combined shipping#comma# please contact us before paying so we can adjust the shipping costs.,,,,Flat,6.875,MN,1,0,55406,FedExHomeDelivery,12,1,10,1,4QC662RKRSL01,ReturnsAccepted,MoneyBackOrExchange,Days_14,Buyer,Please contact us before returning any item. Items listed AS-IS or For Parts/Repair are not covered by our return policy.  We offer 14 days to return item after receiving it. If item is defective we will supply return shipping label. Item must be returned in original packaging with all accessories included. We also charge a 15% restocking fee for cancelled transactions that are not shipped#comma# or we let it go to eBay as an unpaid bidder case.  Do Not Bid If You Do Not Intend To Follow Through!,,,,US,0,0,0,0,0,1,100,5,2,Days_30,4,1,-1,1,,,,,
516,VerifyAdd,Failure,21916519,#quote#Error - Listing is missing required item specific(s): #quote##quote#Brand#comma# Style#comma# Size Type#comma# Bottoms Size (Men's)#quote##quote#. Please provide the required item specifics.|Brand#comma# Style#comma# Size Type#comma# Bottoms Size (Men's)|57989|#quote#,,,,,,,,,,,,,,,,,,,,,,,,,,,,,,4N9046NTNP342,,,,,,,,,,,,VerifyAdd,57989,Carhartt Canvas Work Dungaree Tan 34W 32L          ,,<html><body>empty</body></html>,1000,,http://images.nationalgeographic.com/wpf/media-live/photos/000/687/cache/bonobo-congo-ziegler_68751_990x742.jpg,1,Auction,0.01,,3,0,55406,Gallery,1,sales@skygroupcloseouts.com,If you need a revised invoice for combined shipping#comma# please contact us before paying so we can adjust the shipping costs.,,,,Flat,6.875,MN,1,0,55406,FedExHomeDelivery,12,1,10,1,4N9046NTNP342,ReturnsAccepted,MoneyBackOrExchange,Days_14,Buyer,Please contact us before returning any item. Items listed AS-IS or For Parts/Repair are not covered by our return policy.  We offer 14 days to return item after receiving it. If item is defective we will supply return shipping label. Item must be returned in original packaging with all accessories included. We also charge a 15% restocking fee for cancelled transactions that are not shipped#comma# or we let it go to eBay as an unpaid bidder case.  Do Not Bid If You Do Not Intend To Follow Through!,,,,US,0,0,0,0,0,1,100,5,2,Days_30,4,1,-1,1,,,,,
517,VerifyAdd,Failure,21916519,#quote#Error - Listing is missing required item specific(s): #quote##quote#Brand#comma# Style#comma# Size Type#comma# Bottoms Size (Men's)#quote##quote#. Please provide the required item specifics.|Brand#comma# Style#comma# Size Type#comma# Bottoms Size (Men's)|57989|#quote#,,,,,,,,,,,,,,,,,,,,,,,,,,,,,,4PJ802NBRMM34,,,,,,,,,,,,VerifyAdd,57989,Steve Harv Mn Windowpane2pcSet Brown Medium/34     ,,<html><body>empty</body></html>,1000,,http://images.nationalgeographic.com/wpf/media-live/photos/000/687/cache/bonobo-congo-ziegler_68751_990x742.jpg,1,Auction,0.01,,3,0,55406,Gallery,1,sales@skygroupcloseouts.com,If you need a revised invoice for combined shipping#comma# please contact us before paying so we can adjust the shipping costs.,,,,Flat,6.875,MN,1,0,55406,FedExHomeDelivery,12,1,10,1,4PJ802NBRMM34,ReturnsAccepted,MoneyBackOrExchange,Days_14,Buyer,Please contact us before returning any item. Items listed AS-IS or For Parts/Repair are not covered by our return policy.  We offer 14 days to return item after receiving it. If item is defective we will supply return shipping label. Item must be returned in original packaging with all accessories included. We also charge a 15% restocking fee for cancelled transactions that are not shipped#comma# or we let it go to eBay as an unpaid bidder case.  Do Not Bid If You Do Not Intend To Follow Through!,,,,US,0,0,0,0,0,1,100,5,2,Days_30,4,1,-1,1,,,,,
518,VerifyAdd,Failure,21916519,#quote#Error - Listing is missing required item specific(s): #quote##quote#Brand#comma# Style#comma# Size Type#comma# Bottoms Size (Men's)#quote##quote#. Please provide the required item specifics.|Brand#comma# Style#comma# Size Type#comma# Bottoms Size (Men's)|57989|#quote#,,,,,,,,,,,,,,,,,,,,,,,,,,,,,,4N9046NLWP342,,,,,,,,,,,,VerifyAdd,57989,Carhartt Canvas Work Dungaree Lt. Brown 34W 32L    ,,<html><body>empty</body></html>,1000,,http://images.nationalgeographic.com/wpf/media-live/photos/000/687/cache/bonobo-congo-ziegler_68751_990x742.jpg,1,Auction,0.01,,3,0,55406,Gallery,1,sales@skygroupcloseouts.com,If you need a revised invoice for combined shipping#comma# please contact us before paying so we can adjust the shipping costs.,,,,Flat,6.875,MN,1,0,55406,FedExHomeDelivery,12,1,10,1,4N9046NLWP342,ReturnsAccepted,MoneyBackOrExchange,Days_14,Buyer,Please contact us before returning any item. Items listed AS-IS or For Parts/Repair are not covered by our return policy.  We offer 14 days to return item after receiving it. If item is defective we will supply return shipping label. Item must be returned in original packaging with all accessories included. We also charge a 15% restocking fee for cancelled transactions that are not shipped#comma# or we let it go to eBay as an unpaid bidder case.  Do Not Bid If You Do Not Intend To Follow Through!,,,,US,0,0,0,0,0,1,100,5,2,Days_30,4,1,-1,1,,,,,
519,VerifyAdd,Failure,21916519,#quote#Error - Listing is missing required item specific(s): #quote##quote#Brand#comma# Style#comma# Size Type#comma# Bottoms Size (Men's)#quote##quote#. Please provide the required item specifics.|Brand#comma# Style#comma# Size Type#comma# Bottoms Size (Men's)|57989|#quote#,,,,,,,,,,,,,,,,,,,,,,,,,,,,,,4N9046NLWP382,,,,,,,,,,,,VerifyAdd,57989,Carhartt Canvas Work Dungaree Lt. Brown 38W 32L    ,,<html><body>empty</body></html>,1000,,http://images.nationalgeographic.com/wpf/media-live/photos/000/687/cache/bonobo-congo-ziegler_68751_990x742.jpg,1,Auction,0.01,,3,0,55406,Gallery,1,sales@skygroupcloseouts.com,If you need a revised invoice for combined shipping#comma# please contact us before paying so we can adjust the shipping costs.,,,,Flat,6.875,MN,1,0,55406,FedExHomeDelivery,12,1,10,1,4N9046NLWP382,ReturnsAccepted,MoneyBackOrExchange,Days_14,Buyer,Please contact us before returning any item. Items listed AS-IS or For Parts/Repair are not covered by our return policy.  We offer 14 days to return item after receiving it. If item is defective we will supply return shipping label. Item must be returned in original packaging with all accessories included. We also charge a 15% restocking fee for cancelled transactions that are not shipped#comma# or we let it go to eBay as an unpaid bidder case.  Do Not Bid If You Do Not Intend To Follow Through!,,,,US,0,0,0,0,0,1,100,5,2,Days_30,4,1,-1,1,,,,,
520,VerifyAdd,Failure,21916519,#quote#Error - Listing is missing required item specific(s): #quote##quote#Brand#comma# Style#comma# Size Type#comma# Bottoms Size (Men's)#quote##quote#. Please provide the required item specifics.|Brand#comma# Style#comma# Size Type#comma# Bottoms Size (Men's)|57989|#quote#,,,,,,,,,,,,,,,,,,,,,,,,,,,,,,4PD5680000010,,,,,,,,,,,,VerifyAdd,57989,ibed FL Comforter Set+SheetSet                     ,,<html><body>empty</body></html>,1000,,http://images.nationalgeographic.com/wpf/media-live/photos/000/687/cache/bonobo-congo-ziegler_68751_990x742.jpg,1,Auction,0.01,,3,0,55406,Gallery,1,sales@skygroupcloseouts.com,If you need a revised invoice for combined shipping#comma# please contact us before paying so we can adjust the shipping costs.,,,,Flat,6.875,MN,1,0,55406,FedExHomeDelivery,12,1,10,1,4PD5680000010,ReturnsAccepted,MoneyBackOrExchange,Days_14,Buyer,Please contact us before returning any item. Items listed AS-IS or For Parts/Repair are not covered by our return policy.  We offer 14 days to return item after receiving it. If item is defective we will supply return shipping label. Item must be returned in original packaging with all accessories included. We also charge a 15% restocking fee for cancelled transactions that are not shipped#comma# or we let it go to eBay as an unpaid bidder case.  Do Not Bid If You Do Not Intend To Follow Through!,,,,US,0,0,0,0,0,1,100,5,2,Days_30,4,1,-1,1,,,,,
521,VerifyAdd,Failure,21916519,#quote#Error - Listing is missing required item specific(s): #quote##quote#Brand#comma# Style#comma# Size Type#comma# Bottoms Size (Men's)#quote##quote#. Please provide the required item specifics.|Brand#comma# Style#comma# Size Type#comma# Bottoms Size (Men's)|57989|#quote#,,,,,,,,,,,,,,,,,,,,,,,,,,,,,,4PS556000M014,,,,,,,,,,,,VerifyAdd,57989,Westside Ms Ruffle Dot Dress 14                    ,,<html><body>empty</body></html>,1000,,http://images.nationalgeographic.com/wpf/media-live/photos/000/687/cache/bonobo-congo-ziegler_68751_990x742.jpg,1,Auction,0.01,,3,0,55406,Gallery,1,sales@skygroupcloseouts.com,If you need a revised invoice for combined shipping#comma# please contact us before paying so we can adjust the shipping costs.,,,,Flat,6.875,MN,1,0,55406,FedExHomeDelivery,12,1,10,1,4PS556000M014,ReturnsAccepted,MoneyBackOrExchange,Days_14,Buyer,Please contact us before returning any item. Items listed AS-IS or For Parts/Repair are not covered by our return policy.  We offer 14 days to return item after receiving it. If item is defective we will supply return shipping label. Item must be returned in original packaging with all accessories included. We also charge a 15% restocking fee for cancelled transactions that are not shipped#comma# or we let it go to eBay as an unpaid bidder case.  Do Not Bid If You Do Not Intend To Follow Through!,,,,US,0,0,0,0,0,1,100,5,2,Days_30,4,1,-1,1,,,,,
522,VerifyAdd,Failure,21916519,#quote#Error - Listing is missing required item specific(s): #quote##quote#Brand#comma# Style#comma# Size Type#comma# Bottoms Size (Men's)#quote##quote#. Please provide the required item specifics.|Brand#comma# Style#comma# Size Type#comma# Bottoms Size (Men's)|57989|#quote#,,,,,,,,,,,,,,,,,,,,,,,,,,,,,,4PJ780NBLMXL8,,,,,,,,,,,,VerifyAdd,57989,SteveHarv Mn Sharkskin 2pc Set Black X Large/38    ,,<html><body>empty</body></html>,1000,,http://images.nationalgeographic.com/wpf/media-live/photos/000/687/cache/bonobo-congo-ziegler_68751_990x742.jpg,1,Auction,0.01,,3,0,55406,Gallery,1,sales@skygroupcloseouts.com,If you need a revised invoice for combined shipping#comma# please contact us before paying so we can adjust the shipping costs.,,,,Flat,6.875,MN,1,0,55406,FedExHomeDelivery,12,1,10,1,4PJ780NBLMXL8,ReturnsAccepted,MoneyBackOrExchange,Days_14,Buyer,Please contact us before returning any item. Items listed AS-IS or For Parts/Repair are not covered by our return policy.  We offer 14 days to return item after receiving it. If item is defective we will supply return shipping label. Item must be returned in original packaging with all accessories included. We also charge a 15% restocking fee for cancelled transactions that are not shipped#comma# or we let it go to eBay as an unpaid bidder case.  Do Not Bid If You Do Not Intend To Follow Through!,,,,US,0,0,0,0,0,1,100,5,2,Days_30,4,1,-1,1,,,,,
523,VerifyAdd,Failure,21916519,#quote#Error - Listing is missing required item specific(s): #quote##quote#Brand#comma# Style#comma# Size Type#comma# Bottoms Size (Men's)#quote##quote#. Please provide the required item specifics.|Brand#comma# Style#comma# Size Type#comma# Bottoms Size (Men's)|57989|#quote#,,,,,,,,,,,,,,,,,,,,,,,,,,,,,,4N9046NTNP320,,,,,,,,,,,,VerifyAdd,57989,Carhartt Canvas Work Dungaree Tan 32W 30L          ,,<html><body>empty</body></html>,1000,,http://images.nationalgeographic.com/wpf/media-live/photos/000/687/cache/bonobo-congo-ziegler_68751_990x742.jpg,1,Auction,0.01,,3,0,55406,Gallery,1,sales@skygroupcloseouts.com,If you need a revised invoice for combined shipping#comma# please contact us before paying so we can adjust the shipping costs.,,,,Flat,6.875,MN,1,0,55406,FedExHomeDelivery,12,1,10,1,4N9046NTNP320,ReturnsAccepted,MoneyBackOrExchange,Days_14,Buyer,Please contact us before returning any item. Items listed AS-IS or For Parts/Repair are not covered by our return policy.  We offer 14 days to return item after receiving it. If item is defective we will supply return shipping label. Item must be returned in original packaging with all accessories included. We also charge a 15% restocking fee for cancelled transactions that are not shipped#comma# or we let it go to eBay as an unpaid bidder case.  Do Not Bid If You Do Not Intend To Follow Through!,,,,US,0,0,0,0,0,1,100,5,2,Days_30,4,1,-1,1,,,,,
524,VerifyAdd,Failure,21916519,#quote#Error - Listing is missing required item specific(s): #quote##quote#Brand#comma# Style#comma# Size Type#comma# Bottoms Size (Men's)#quote##quote#. Please provide the required item specifics.|Brand#comma# Style#comma# Size Type#comma# Bottoms Size (Men's)|57989|#quote#,,,,,,,,,,,,,,,,,,,,,,,,,,,,,,4N9046NTNP362,,,,,,,,,,,,VerifyAdd,57989,Carhartt Canvas Work Dungaree Tan 36W 32L          ,,<html><body>empty</body></html>,1000,,http://images.nationalgeographic.com/wpf/media-live/photos/000/687/cache/bonobo-congo-ziegler_68751_990x742.jpg,1,Auction,0.01,,3,0,55406,Gallery,1,sales@skygroupcloseouts.com,If you need a revised invoice for combined shipping#comma# please contact us before paying so we can adjust the shipping costs.,,,,Flat,6.875,MN,1,0,55406,FedExHomeDelivery,12,1,10,1,4N9046NTNP362,ReturnsAccepted,MoneyBackOrExchange,Days_14,Buyer,Please contact us before returning any item. Items listed AS-IS or For Parts/Repair are not covered by our return policy.  We offer 14 days to return item after receiving it. If item is defective we will supply return shipping label. Item must be returned in original packaging with all accessories included. We also charge a 15% restocking fee for cancelled transactions that are not shipped#comma# or we let it go to eBay as an unpaid bidder case.  Do Not Bid If You Do Not Intend To Follow Through!,,,,US,0,0,0,0,0,1,100,5,2,Days_30,4,1,-1,1,,,,,
525,VerifyAdd,Failure,21916519,#quote#Error - Listing is missing required item specific(s): #quote##quote#Brand#comma# Style#comma# Size Type#comma# Bottoms Size (Men's)#quote##quote#. Please provide the required item specifics.|Brand#comma# Style#comma# Size Type#comma# Bottoms Size (Men's)|57989|#quote#,,,,,,,,,,,,,,,,,,,,,,,,,,,,,,4N9103000P322,,,,,,,,,,,,VerifyAdd,57989,Carhartt Bib Overall - Black-32W 32L               ,,<html><body>empty</body></html>,1000,,http://images.nationalgeographic.com/wpf/media-live/photos/000/687/cache/bonobo-congo-ziegler_68751_990x742.jpg,1,Auction,0.01,,3,0,55406,Gallery,1,sales@skygroupcloseouts.com,If you need a revised invoice for combined shipping#comma# please contact us before paying so we can adjust the shipping costs.,,,,Flat,6.875,MN,1,0,55406,FedExHomeDelivery,12,1,10,1,4N9103000P322,ReturnsAccepted,MoneyBackOrExchange,Days_14,Buyer,Please contact us before returning any item. Items listed AS-IS or For Parts/Repair are not covered by our return policy.  We offer 14 days to return item after receiving it. If item is defective we will supply return shipping label. Item must be returned in original packaging with all accessories included. We also charge a 15% restocking fee for cancelled transactions that are not shipped#comma# or we let it go to eBay as an unpaid bidder case.  Do Not Bid If You Do Not Intend To Follow Through!,,,,US,0,0,0,0,0,1,100,5,2,Days_30,4,1,-1,1,,,,,
526,VerifyAdd,Failure,21916519,#quote#Error - Listing is missing required item specific(s): #quote##quote#Brand#comma# Style#comma# Size Type#comma# Bottoms Size (Men's)#quote##quote#. Please provide the required item specifics.|Brand#comma# Style#comma# Size Type#comma# Bottoms Size (Men's)|57989|#quote#,,,,,,,,,,,,,,,,,,,,,,,,,,,,,,4N9046NTNP404,,,,,,,,,,,,VerifyAdd,57989,Carhartt Canvas Work Dungaree Tan 40W 34L          ,,<html><body>empty</body></html>,1000,,http://images.nationalgeographic.com/wpf/media-live/photos/000/687/cache/bonobo-congo-ziegler_68751_990x742.jpg,1,Auction,0.01,,3,0,55406,Gallery,1,sales@skygroupcloseouts.com,If you need a revised invoice for combined shipping#comma# please contact us before paying so we can adjust the shipping costs.,,,,Flat,6.875,MN,1,0,55406,FedExHomeDelivery,12,1,10,1,4N9046NTNP404,ReturnsAccepted,MoneyBackOrExchange,Days_14,Buyer,Please contact us before returning any item. Items listed AS-IS or For Parts/Repair are not covered by our return policy.  We offer 14 days to return item after receiving it. If item is defective we will supply return shipping label. Item must be returned in original packaging with all accessories included. We also charge a 15% restocking fee for cancelled transactions that are not shipped#comma# or we let it go to eBay as an unpaid bidder case.  Do Not Bid If You Do Not Intend To Follow Through!,,,,US,0,0,0,0,0,1,100,5,2,Days_30,4,1,-1,1,,,,,
527,VerifyAdd,Failure,21916519,#quote#Error - Listing is missing required item specific(s): #quote##quote#Brand#comma# Style#comma# Size Type#comma# Bottoms Size (Men's)#quote##quote#. Please provide the required item specifics.|Brand#comma# Style#comma# Size Type#comma# Bottoms Size (Men's)|57989|#quote#,,,,,,,,,,,,,,,,,,,,,,,,,,,,,,4N9106000P324,,,,,,,,,,,,VerifyAdd,57989,Carhartt Bib Overall - Brown-32W 34L               ,,<html><body>empty</body></html>,1000,,http://images.nationalgeographic.com/wpf/media-live/photos/000/687/cache/bonobo-congo-ziegler_68751_990x742.jpg,1,Auction,0.01,,3,0,55406,Gallery,1,sales@skygroupcloseouts.com,If you need a revised invoice for combined shipping#comma# please contact us before paying so we can adjust the shipping costs.,,,,Flat,6.875,MN,1,0,55406,FedExHomeDelivery,12,1,10,1,4N9106000P324,ReturnsAccepted,MoneyBackOrExchange,Days_14,Buyer,Please contact us before returning any item. Items listed AS-IS or For Parts/Repair are not covered by our return policy.  We offer 14 days to return item after receiving it. If item is defective we will supply return shipping label. Item must be returned in original packaging with all accessories included. We also charge a 15% restocking fee for cancelled transactions that are not shipped#comma# or we let it go to eBay as an unpaid bidder case.  Do Not Bid If You Do Not Intend To Follow Through!,,,,US,0,0,0,0,0,1,100,5,2,Days_30,4,1,-1,1,,,,,
528,VerifyAdd,Failure,21916519,#quote#Error - Listing is missing required item specific(s): #quote##quote#Brand#comma# Style#comma# Size Type#comma# Bottoms Size (Men's)#quote##quote#. Please provide the required item specifics.|Brand#comma# Style#comma# Size Type#comma# Bottoms Size (Men's)|57989|#quote#,,,,,,,,,,,,,,,,,,,,,,,,,,,,,,4N9106000P364,,,,,,,,,,,,VerifyAdd,57989,Carhartt Bib Overall - Brown-36W 34L               ,,<html><body>empty</body></html>,1000,,http://images.nationalgeographic.com/wpf/media-live/photos/000/687/cache/bonobo-congo-ziegler_68751_990x742.jpg,1,Auction,0.01,,3,0,55406,Gallery,1,sales@skygroupcloseouts.com,If you need a revised invoice for combined shipping#comma# please contact us before paying so we can adjust the shipping costs.,,,,Flat,6.875,MN,1,0,55406,FedExHomeDelivery,12,1,10,1,4N9106000P364,ReturnsAccepted,MoneyBackOrExchange,Days_14,Buyer,Please contact us before returning any item. Items listed AS-IS or For Parts/Repair are not covered by our return policy.  We offer 14 days to return item after receiving it. If item is defective we will supply return shipping label. Item must be returned in original packaging with all accessories included. We also charge a 15% restocking fee for cancelled transactions that are not shipped#comma# or we let it go to eBay as an unpaid bidder case.  Do Not Bid If You Do Not Intend To Follow Through!,,,,US,0,0,0,0,0,1,100,5,2,Days_30,4,1,-1,1,,,,,
529,VerifyAdd,Failure,21916519,#quote#Error - Listing is missing required item specific(s): #quote##quote#Brand#comma# Style#comma# Size Type#comma# Bottoms Size (Men's)#quote##quote#. Please provide the required item specifics.|Brand#comma# Style#comma# Size Type#comma# Bottoms Size (Men's)|57989|#quote#,,,,,,,,,,,,,,,,,,,,,,,,,,,,,,4PJ802BNVM2X2,,,,,,,,,,,,VerifyAdd,57989,Steve Harv Mn Windowpane2pcSet Navy 2XL/42         ,,<html><body>empty</body></html>,1000,,http://images.nationalgeographic.com/wpf/media-live/photos/000/687/cache/bonobo-congo-ziegler_68751_990x742.jpg,1,Auction,0.01,,3,0,55406,Gallery,1,sales@skygroupcloseouts.com,If you need a revised invoice for combined shipping#comma# please contact us before paying so we can adjust the shipping costs.,,,,Flat,6.875,MN,1,0,55406,FedExHomeDelivery,12,1,10,1,4PJ802BNVM2X2,ReturnsAccepted,MoneyBackOrExchange,Days_14,Buyer,Please contact us before returning any item. Items listed AS-IS or For Parts/Repair are not covered by our return policy.  We offer 14 days to return item after receiving it. If item is defective we will supply return shipping label. Item must be returned in original packaging with all accessories included. We also charge a 15% restocking fee for cancelled transactions that are not shipped#comma# or we let it go to eBay as an unpaid bidder case.  Do Not Bid If You Do Not Intend To Follow Through!,,,,US,0,0,0,0,0,1,100,5,2,Days_30,4,1,-1,1,,,,,
530,VerifyAdd,Failure,21916519,#quote#Error - Listing is missing required item specific(s): #quote##quote#Brand#comma# Style#comma# Size Type#comma# Bottoms Size (Men's)#quote##quote#. Please provide the required item specifics.|Brand#comma# Style#comma# Size Type#comma# Bottoms Size (Men's)|57989|#quote#,,,,,,,,,,,,,,,,,,,,,,,,,,,,,,4N9103000P406,,,,,,,,,,,,VerifyAdd,57989,Carhartt Bib Overall - Black-40W 36L               ,,<html><body>empty</body></html>,1000,,http://images.nationalgeographic.com/wpf/media-live/photos/000/687/cache/bonobo-congo-ziegler_68751_990x742.jpg,1,Auction,0.01,,3,0,55406,Gallery,1,sales@skygroupcloseouts.com,If you need a revised invoice for combined shipping#comma# please contact us before paying so we can adjust the shipping costs.,,,,Flat,6.875,MN,1,0,55406,FedExHomeDelivery,12,1,10,1,4N9103000P406,ReturnsAccepted,MoneyBackOrExchange,Days_14,Buyer,Please contact us before returning any item. Items listed AS-IS or For Parts/Repair are not covered by our return policy.  We offer 14 days to return item after receiving it. If item is defective we will supply return shipping label. Item must be returned in original packaging with all accessories included. We also charge a 15% restocking fee for cancelled transactions that are not shipped#comma# or we let it go to eBay as an unpaid bidder case.  Do Not Bid If You Do Not Intend To Follow Through!,,,,US,0,0,0,0,0,1,100,5,2,Days_30,4,1,-1,1,,,,,
531,VerifyAdd,Failure,21916519,#quote#Error - Listing is missing required item specific(s): #quote##quote#Brand#comma# Style#comma# Size Type#comma# Bottoms Size (Men's)#quote##quote#. Please provide the required item specifics.|Brand#comma# Style#comma# Size Type#comma# Bottoms Size (Men's)|57989|#quote#,,,,,,,,,,,,,,,,,,,,,,,,,,,,,,4N9046NLWP320,,,,,,,,,,,,VerifyAdd,57989,Carhartt Canvas Work Dungaree Lt. Brown 32W 30L    ,,<html><body>empty</body></html>,1000,,http://images.nationalgeographic.com/wpf/media-live/photos/000/687/cache/bonobo-congo-ziegler_68751_990x742.jpg,1,Auction,0.01,,3,0,55406,Gallery,1,sales@skygroupcloseouts.com,If you need a revised invoice for combined shipping#comma# please contact us before paying so we can adjust the shipping costs.,,,,Flat,6.875,MN,1,0,55406,FedExHomeDelivery,12,1,10,1,4N9046NLWP320,ReturnsAccepted,MoneyBackOrExchange,Days_14,Buyer,Please contact us before returning any item. Items listed AS-IS or For Parts/Repair are not covered by our return policy.  We offer 14 days to return item after receiving it. If item is defective we will supply return shipping label. Item must be returned in original packaging with all accessories included. We also charge a 15% restocking fee for cancelled transactions that are not shipped#comma# or we let it go to eBay as an unpaid bidder case.  Do Not Bid If You Do Not Intend To Follow Through!,,,,US,0,0,0,0,0,1,100,5,2,Days_30,4,1,-1,1,,,,,
532,VerifyAdd,Failure,21916519,#quote#Error - Listing is missing required item specific(s): #quote##quote#Brand#comma# Style#comma# Size Type#comma# Size (Men's)#quote##quote#. Please provide the required item specifics.|Brand#comma# Style#comma# Size Type#comma# Size (Men's)|57990|#quote#,,,,,,,,,,,,,,,,,,,,,,,,,,,,,,4PX542NBLA3XL,,,,,,,,,,,,VerifyAdd,57990,Ecko Mns Numeral Polo Black 3 XL                   ,,<html><body>empty</body></html>,1000,,http://images.nationalgeographic.com/wpf/media-live/photos/000/687/cache/bonobo-congo-ziegler_68751_990x742.jpg,1,Auction,0.01,,3,0,55406,Gallery,1,sales@skygroupcloseouts.com,If you need a revised invoice for combined shipping#comma# please contact us before paying so we can adjust the shipping costs.,,,,Flat,6.875,MN,1,0,55406,FedExHomeDelivery,12,1,10,1,4PX542NBLA3XL,ReturnsAccepted,MoneyBackOrExchange,Days_14,Buyer,Please contact us before returning any item. Items listed AS-IS or For Parts/Repair are not covered by our return policy.  We offer 14 days to return item after receiving it. If item is defective we will supply return shipping label. Item must be returned in original packaging with all accessories included. We also charge a 15% restocking fee for cancelled transactions that are not shipped#comma# or we let it go to eBay as an unpaid bidder case.  Do Not Bid If You Do Not Intend To Follow Through!,,,,US,0,0,0,0,0,1,100,5,2,Days_30,4,1,-1,1,,,,,
533,VerifyAdd,Failure,21916519,#quote#Error - Listing is missing required item specific(s): #quote##quote#Brand#comma# Style#comma# Size Type#comma# Size (Men's)#quote##quote#. Please provide the required item specifics.|Brand#comma# Style#comma# Size Type#comma# Size (Men's)|57990|#quote#,,,,,,,,,,,,,,,,,,,,,,,,,,,,,,4PX541000AMED,,,,,,,,,,,,VerifyAdd,57990,Ecko Mns s/s Woven Shirt Medium                    ,,<html><body>empty</body></html>,1000,,http://images.nationalgeographic.com/wpf/media-live/photos/000/687/cache/bonobo-congo-ziegler_68751_990x742.jpg,1,Auction,0.01,,3,0,55406,Gallery,1,sales@skygroupcloseouts.com,If you need a revised invoice for combined shipping#comma# please contact us before paying so we can adjust the shipping costs.,,,,Flat,6.875,MN,1,0,55406,FedExHomeDelivery,12,1,10,1,4PX541000AMED,ReturnsAccepted,MoneyBackOrExchange,Days_14,Buyer,Please contact us before returning any item. Items listed AS-IS or For Parts/Repair are not covered by our return policy.  We offer 14 days to return item after receiving it. If item is defective we will supply return shipping label. Item must be returned in original packaging with all accessories included. We also charge a 15% restocking fee for cancelled transactions that are not shipped#comma# or we let it go to eBay as an unpaid bidder case.  Do Not Bid If You Do Not Intend To Follow Through!,,,,US,0,0,0,0,0,1,100,5,2,Days_30,4,1,-1,1,,,,,
534,VerifyAdd,Failure,21916519,#quote#Error - Listing is missing required item specific(s): #quote##quote#Brand#comma# Style#comma# Size Type#comma# Size (Men's)#quote##quote#. Please provide the required item specifics.|Brand#comma# Style#comma# Size Type#comma# Size (Men's)|57990|#quote#,,,,,,,,,,,,,,,,,,,,,,,,,,,,,,4PU327NBLM4X8,,,,,,,,,,,,VerifyAdd,57990,SteveHarveyBTColorBlockPantSet Black 4XL/48        ,,<html><body>empty</body></html>,1000,,http://images.nationalgeographic.com/wpf/media-live/photos/000/687/cache/bonobo-congo-ziegler_68751_990x742.jpg,1,Auction,0.01,,3,0,55406,Gallery,1,sales@skygroupcloseouts.com,If you need a revised invoice for combined shipping#comma# please contact us before paying so we can adjust the shipping costs.,,,,Flat,6.875,MN,1,0,55406,FedExHomeDelivery,12,1,10,1,4PU327NBLM4X8,ReturnsAccepted,MoneyBackOrExchange,Days_14,Buyer,Please contact us before returning any item. Items listed AS-IS or For Parts/Repair are not covered by our return policy.  We offer 14 days to return item after receiving it. If item is defective we will supply return shipping label. Item must be returned in original packaging with all accessories included. We also charge a 15% restocking fee for cancelled transactions that are not shipped#comma# or we let it go to eBay as an unpaid bidder case.  Do Not Bid If You Do Not Intend To Follow Through!,,,,US,0,0,0,0,0,1,100,5,2,Days_30,4,1,-1,1,,,,,
535,VerifyAdd,Failure,21916519,#quote#Error - Listing is missing required item specific(s): #quote##quote#Brand#comma# Style#comma# Size Type#comma# Size (Men's)#quote##quote#. Please provide the required item specifics.|Brand#comma# Style#comma# Size Type#comma# Size (Men's)|57990|#quote#,,,,,,,,,,,,,,,,,,,,,,,,,,,,,,4QK070NWHASML,,,,,,,,,,,,VerifyAdd,57990,Ecko Mns Color block Slub White Small              ,,<html><body>empty</body></html>,1000,,http://images.nationalgeographic.com/wpf/media-live/photos/000/687/cache/bonobo-congo-ziegler_68751_990x742.jpg,1,Auction,0.01,,3,0,55406,Gallery,1,sales@skygroupcloseouts.com,If you need a revised invoice for combined shipping#comma# please contact us before paying so we can adjust the shipping costs.,,,,Flat,6.875,MN,1,0,55406,FedExHomeDelivery,12,1,10,1,4QK070NWHASML,ReturnsAccepted,MoneyBackOrExchange,Days_14,Buyer,Please contact us before returning any item. Items listed AS-IS or For Parts/Repair are not covered by our return policy.  We offer 14 days to return item after receiving it. If item is defective we will supply return shipping label. Item must be returned in original packaging with all accessories included. We also charge a 15% restocking fee for cancelled transactions that are not shipped#comma# or we let it go to eBay as an unpaid bidder case.  Do Not Bid If You Do Not Intend To Follow Through!,,,,US,0,0,0,0,0,1,100,5,2,Days_30,4,1,-1,1,,,,,
536,VerifyAdd,Failure,21916519,#quote#Error - Listing is missing required item specific(s): #quote##quote#Brand#comma# Style#comma# Size Type#comma# Size (Men's)#quote##quote#. Please provide the required item specifics.|Brand#comma# Style#comma# Size Type#comma# Size (Men's)|57990|#quote#,,,,,,,,,,,,,,,,,,,,,,,,,,,,,,4QB073NBLA3XL,,,,,,,,,,,,VerifyAdd,57990,Ecko Mns Slim Fit Polo Black 3 XL                  ,,<html><body>empty</body></html>,1000,,http://images.nationalgeographic.com/wpf/media-live/photos/000/687/cache/bonobo-congo-ziegler_68751_990x742.jpg,1,Auction,0.01,,3,0,55406,Gallery,1,sales@skygroupcloseouts.com,If you need a revised invoice for combined shipping#comma# please contact us before paying so we can adjust the shipping costs.,,,,Flat,6.875,MN,1,0,55406,FedExHomeDelivery,12,1,10,1,4QB073NBLA3XL,ReturnsAccepted,MoneyBackOrExchange,Days_14,Buyer,Please contact us before returning any item. Items listed AS-IS or For Parts/Repair are not covered by our return policy.  We offer 14 days to return item after receiving it. If item is defective we will supply return shipping label. Item must be returned in original packaging with all accessories included. We also charge a 15% restocking fee for cancelled transactions that are not shipped#comma# or we let it go to eBay as an unpaid bidder case.  Do Not Bid If You Do Not Intend To Follow Through!,,,,US,0,0,0,0,0,1,100,5,2,Days_30,4,1,-1,1,,,,,
537,VerifyAdd,Failure,21916519,#quote#Error - Listing is missing required item specific(s): #quote##quote#Brand#comma# Style#comma# Size Type#comma# Size (Men's)#quote##quote#. Please provide the required item specifics.|Brand#comma# Style#comma# Size Type#comma# Size (Men's)|57990|#quote#,,,,,,,,,,,,,,,,,,,,,,,,,,,,,,4PR867BDNM012,,,,,,,,,,,,VerifyAdd,57990,Lee Miss Cleo Bermuda Short Denim 12               ,,<html><body>empty</body></html>,1000,,http://images.nationalgeographic.com/wpf/media-live/photos/000/687/cache/bonobo-congo-ziegler_68751_990x742.jpg,1,Auction,0.01,,3,0,55406,Gallery,1,sales@skygroupcloseouts.com,If you need a revised invoice for combined shipping#comma# please contact us before paying so we can adjust the shipping costs.,,,,Flat,6.875,MN,1,0,55406,FedExHomeDelivery,12,1,10,1,4PR867BDNM012,ReturnsAccepted,MoneyBackOrExchange,Days_14,Buyer,Please contact us before returning any item. Items listed AS-IS or For Parts/Repair are not covered by our return policy.  We offer 14 days to return item after receiving it. If item is defective we will supply return shipping label. Item must be returned in original packaging with all accessories included. We also charge a 15% restocking fee for cancelled transactions that are not shipped#comma# or we let it go to eBay as an unpaid bidder case.  Do Not Bid If You Do Not Intend To Follow Through!,,,,US,0,0,0,0,0,1,100,5,2,Days_30,4,1,-1,1,,,,,
538,VerifyAdd,Failure,21916519,#quote#Error - Listing is missing required item specific(s): #quote##quote#Brand#comma# Style#comma# Size Type#comma# Size (Men's)#quote##quote#. Please provide the required item specifics.|Brand#comma# Style#comma# Size Type#comma# Size (Men's)|57990|#quote#,,,,,,,,,,,,,,,,,,,,,,,,,,,,,,4PH883GHUAMED,,,,,,,,,,,,VerifyAdd,57990,Carhartt Mn L/S Chest LogoTee Hunter Green Medium  ,,<html><body>empty</body></html>,1000,,http://images.nationalgeographic.com/wpf/media-live/photos/000/687/cache/bonobo-congo-ziegler_68751_990x742.jpg,1,Auction,0.01,,3,0,55406,Gallery,1,sales@skygroupcloseouts.com,If you need a revised invoice for combined shipping#comma# please contact us before paying so we can adjust the shipping costs.,,,,Flat,6.875,MN,1,0,55406,FedExHomeDelivery,12,1,10,1,4PH883GHUAMED,ReturnsAccepted,MoneyBackOrExchange,Days_14,Buyer,Please contact us before returning any item. Items listed AS-IS or For Parts/Repair are not covered by our return policy.  We offer 14 days to return item after receiving it. If item is defective we will supply return shipping label. Item must be returned in original packaging with all accessories included. We also charge a 15% restocking fee for cancelled transactions that are not shipped#comma# or we let it go to eBay as an unpaid bidder case.  Do Not Bid If You Do Not Intend To Follow Through!,,,,US,0,0,0,0,0,1,100,5,2,Days_30,4,1,-1,1,,,,,
539,VerifyAdd,Failure,21916519,#quote#Error - Listing is missing required item specific(s): #quote##quote#Brand#comma# Style#comma# Size Type#comma# Size (Men's)#quote##quote#. Please provide the required item specifics.|Brand#comma# Style#comma# Size Type#comma# Size (Men's)|57990|#quote#,,,,,,,,,,,,,,,,,,,,,,,,,,,,,,4QB073NBLAMED,,,,,,,,,,,,VerifyAdd,57990,Ecko Mns Slim Fit Polo Black Medium                ,,<html><body>empty</body></html>,1000,,http://images.nationalgeographic.com/wpf/media-live/photos/000/687/cache/bonobo-congo-ziegler_68751_990x742.jpg,1,Auction,0.01,,3,0,55406,Gallery,1,sales@skygroupcloseouts.com,If you need a revised invoice for combined shipping#comma# please contact us before paying so we can adjust the shipping costs.,,,,Flat,6.875,MN,1,0,55406,FedExHomeDelivery,12,1,10,1,4QB073NBLAMED,ReturnsAccepted,MoneyBackOrExchange,Days_14,Buyer,Please contact us before returning any item. Items listed AS-IS or For Parts/Repair are not covered by our return policy.  We offer 14 days to return item after receiving it. If item is defective we will supply return shipping label. Item must be returned in original packaging with all accessories included. We also charge a 15% restocking fee for cancelled transactions that are not shipped#comma# or we let it go to eBay as an unpaid bidder case.  Do Not Bid If You Do Not Intend To Follow Through!,,,,US,0,0,0,0,0,1,100,5,2,Days_30,4,1,-1,1,,,,,
540,VerifyAdd,Failure,21916519,#quote#Error - Listing is missing required item specific(s): #quote##quote#Brand#comma# Style#comma# Size Type#comma# Size (Men's)#quote##quote#. Please provide the required item specifics.|Brand#comma# Style#comma# Size Type#comma# Size (Men's)|57990|#quote#,,,,,,,,,,,,,,,,,,,,,,,,,,,,,,4PH883NBLAXLG,,,,,,,,,,,,VerifyAdd,57990,Carhartt Mn L/S Chest LogoTee Black X Large        ,,<html><body>empty</body></html>,1000,,http://images.nationalgeographic.com/wpf/media-live/photos/000/687/cache/bonobo-congo-ziegler_68751_990x742.jpg,1,Auction,0.01,,3,0,55406,Gallery,1,sales@skygroupcloseouts.com,If you need a revised invoice for combined shipping#comma# please contact us before paying so we can adjust the shipping costs.,,,,Flat,6.875,MN,1,0,55406,FedExHomeDelivery,12,1,10,1,4PH883NBLAXLG,ReturnsAccepted,MoneyBackOrExchange,Days_14,Buyer,Please contact us before returning any item. Items listed AS-IS or For Parts/Repair are not covered by our return policy.  We offer 14 days to return item after receiving it. If item is defective we will supply return shipping label. Item must be returned in original packaging with all accessories included. We also charge a 15% restocking fee for cancelled transactions that are not shipped#comma# or we let it go to eBay as an unpaid bidder case.  Do Not Bid If You Do Not Intend To Follow Through!,,,,US,0,0,0,0,0,1,100,5,2,Days_30,4,1,-1,1,,,,,
541,VerifyAdd,Failure,21916519,#quote#Error - Listing is missing required item specific(s): #quote##quote#Brand#comma# Style#comma# Size Type#comma# Size (Men's)#quote##quote#. Please provide the required item specifics.|Brand#comma# Style#comma# Size Type#comma# Size (Men's)|57990|#quote#,,,,,,,,,,,,,,,,,,,,,,,,,,,,,,4PL616NBRMM34,,,,,,,,,,,,VerifyAdd,57990,Michael Irvin Mens 2pc KnitSet Brown Medium/34     ,,<html><body>empty</body></html>,1000,,http://images.nationalgeographic.com/wpf/media-live/photos/000/687/cache/bonobo-congo-ziegler_68751_990x742.jpg,1,Auction,0.01,,3,0,55406,Gallery,1,sales@skygroupcloseouts.com,If you need a revised invoice for combined shipping#comma# please contact us before paying so we can adjust the shipping costs.,,,,Flat,6.875,MN,1,0,55406,FedExHomeDelivery,12,1,10,1,4PL616NBRMM34,ReturnsAccepted,MoneyBackOrExchange,Days_14,Buyer,Please contact us before returning any item. Items listed AS-IS or For Parts/Repair are not covered by our return policy.  We offer 14 days to return item after receiving it. If item is defective we will supply return shipping label. Item must be returned in original packaging with all accessories included. We also charge a 15% restocking fee for cancelled transactions that are not shipped#comma# or we let it go to eBay as an unpaid bidder case.  Do Not Bid If You Do Not Intend To Follow Through!,,,,US,0,0,0,0,0,1,100,5,2,Days_30,4,1,-1,1,,,,,
542,VerifyAdd,Failure,21916519,#quote#Error - Listing is missing required item specific(s): #quote##quote#Brand#comma# Style#comma# Size Type#comma# Size (Men's)#quote##quote#. Please provide the required item specifics.|Brand#comma# Style#comma# Size Type#comma# Size (Men's)|57990|#quote#,,,,,,,,,,,,,,,,,,,,,,,,,,,,,,4QB073REDA3XL,,,,,,,,,,,,VerifyAdd,57990,Ecko Mns Slim Fit Polo Red 3 XL                    ,,<html><body>empty</body></html>,1000,,http://images.nationalgeographic.com/wpf/media-live/photos/000/687/cache/bonobo-congo-ziegler_68751_990x742.jpg,1,Auction,0.01,,3,0,55406,Gallery,1,sales@skygroupcloseouts.com,If you need a revised invoice for combined shipping#comma# please contact us before paying so we can adjust the shipping costs.,,,,Flat,6.875,MN,1,0,55406,FedExHomeDelivery,12,1,10,1,4QB073REDA3XL,ReturnsAccepted,MoneyBackOrExchange,Days_14,Buyer,Please contact us before returning any item. Items listed AS-IS or For Parts/Repair are not covered by our return policy.  We offer 14 days to return item after receiving it. If item is defective we will supply return shipping label. Item must be returned in original packaging with all accessories included. We also charge a 15% restocking fee for cancelled transactions that are not shipped#comma# or we let it go to eBay as an unpaid bidder case.  Do Not Bid If You Do Not Intend To Follow Through!,,,,US,0,0,0,0,0,1,100,5,2,Days_30,4,1,-1,1,,,,,
543,VerifyAdd,Failure,21916519,#quote#Error - Listing is missing required item specific(s): #quote##quote#Brand#comma# Style#comma# Size Type#comma# Size (Men's)#quote##quote#. Please provide the required item specifics.|Brand#comma# Style#comma# Size Type#comma# Size (Men's)|57990|#quote#,,,,,,,,,,,,,,,,,,,,,,,,,,,,,,4P9271NHGMNXL,,,,,,,,,,,,VerifyAdd,57990,Carhartt L/S Pocket T-Shirt Heather Gray XL46-48   ,,<html><body>empty</body></html>,1000,,http://images.nationalgeographic.com/wpf/media-live/photos/000/687/cache/bonobo-congo-ziegler_68751_990x742.jpg,1,Auction,0.01,,3,0,55406,Gallery,1,sales@skygroupcloseouts.com,If you need a revised invoice for combined shipping#comma# please contact us before paying so we can adjust the shipping costs.,,,,Flat,6.875,MN,1,0,55406,FedExHomeDelivery,12,1,10,1,4P9271NHGMNXL,ReturnsAccepted,MoneyBackOrExchange,Days_14,Buyer,Please contact us before returning any item. Items listed AS-IS or For Parts/Repair are not covered by our return policy.  We offer 14 days to return item after receiving it. If item is defective we will supply return shipping label. Item must be returned in original packaging with all accessories included. We also charge a 15% restocking fee for cancelled transactions that are not shipped#comma# or we let it go to eBay as an unpaid bidder case.  Do Not Bid If You Do Not Intend To Follow Through!,,,,US,0,0,0,0,0,1,100,5,2,Days_30,4,1,-1,1,,,,,
544,VerifyAdd,Failure,21916519,#quote#Error - Listing is missing required item specific(s): #quote##quote#Brand#comma# Style#comma# Size Type#comma# Size (Men's)#quote##quote#. Please provide the required item specifics.|Brand#comma# Style#comma# Size Type#comma# Size (Men's)|57990|#quote#,,,,,,,,,,,,,,,,,,,,,,,,,,,,,,4PJ781NW7M3X4,,,,,,,,,,,,VerifyAdd,57990,SteveHarv BT Sharkskin 2pc Set Walnut 3XL/44       ,,<html><body>empty</body></html>,1000,,http://images.nationalgeographic.com/wpf/media-live/photos/000/687/cache/bonobo-congo-ziegler_68751_990x742.jpg,1,Auction,0.01,,3,0,55406,Gallery,1,sales@skygroupcloseouts.com,If you need a revised invoice for combined shipping#comma# please contact us before paying so we can adjust the shipping costs.,,,,Flat,6.875,MN,1,0,55406,FedExHomeDelivery,12,1,10,1,4PJ781NW7M3X4,ReturnsAccepted,MoneyBackOrExchange,Days_14,Buyer,Please contact us before returning any item. Items listed AS-IS or For Parts/Repair are not covered by our return policy.  We offer 14 days to return item after receiving it. If item is defective we will supply return shipping label. Item must be returned in original packaging with all accessories included. We also charge a 15% restocking fee for cancelled transactions that are not shipped#comma# or we let it go to eBay as an unpaid bidder case.  Do Not Bid If You Do Not Intend To Follow Through!,,,,US,0,0,0,0,0,1,100,5,2,Days_30,4,1,-1,1,,,,,
545,VerifyAdd,Failure,21916519,#quote#Error - Listing is missing required item specific(s): #quote##quote#Brand#comma# Style#comma# Size Type#comma# Size (Men's)#quote##quote#. Please provide the required item specifics.|Brand#comma# Style#comma# Size Type#comma# Size (Men's)|57990|#quote#,,,,,,,,,,,,,,,,,,,,,,,,,,,,,,4PW432BOPALRG,,,,,,,,,,,,VerifyAdd,57990,Apple Bot Ms Back Detailed Tee Opal Large          ,,<html><body>empty</body></html>,1000,,http://images.nationalgeographic.com/wpf/media-live/photos/000/687/cache/bonobo-congo-ziegler_68751_990x742.jpg,1,Auction,0.01,,3,0,55406,Gallery,1,sales@skygroupcloseouts.com,If you need a revised invoice for combined shipping#comma# please contact us before paying so we can adjust the shipping costs.,,,,Flat,6.875,MN,1,0,55406,FedExHomeDelivery,12,1,10,1,4PW432BOPALRG,ReturnsAccepted,MoneyBackOrExchange,Days_14,Buyer,Please contact us before returning any item. Items listed AS-IS or For Parts/Repair are not covered by our return policy.  We offer 14 days to return item after receiving it. If item is defective we will supply return shipping label. Item must be returned in original packaging with all accessories included. We also charge a 15% restocking fee for cancelled transactions that are not shipped#comma# or we let it go to eBay as an unpaid bidder case.  Do Not Bid If You Do Not Intend To Follow Through!,,,,US,0,0,0,0,0,1,100,5,2,Days_30,4,1,-1,1,,,,,
546,VerifyAdd,Failure,21916519,#quote#Error - Listing is missing required item specific(s): #quote##quote#Brand#comma# Style#comma# Size Type#comma# Size (Men's)#quote##quote#. Please provide the required item specifics.|Brand#comma# Style#comma# Size Type#comma# Size (Men's)|57990|#quote#,,,,,,,,,,,,,,,,,,,,,,,,,,,,,,4PJ803BNVM3X4,,,,,,,,,,,,VerifyAdd,57990,Steve Harv BT Windowpane2pcSet Navy 3XL/44         ,,<html><body>empty</body></html>,1000,,http://images.nationalgeographic.com/wpf/media-live/photos/000/687/cache/bonobo-congo-ziegler_68751_990x742.jpg,1,Auction,0.01,,3,0,55406,Gallery,1,sales@skygroupcloseouts.com,If you need a revised invoice for combined shipping#comma# please contact us before paying so we can adjust the shipping costs.,,,,Flat,6.875,MN,1,0,55406,FedExHomeDelivery,12,1,10,1,4PJ803BNVM3X4,ReturnsAccepted,MoneyBackOrExchange,Days_14,Buyer,Please contact us before returning any item. Items listed AS-IS or For Parts/Repair are not covered by our return policy.  We offer 14 days to return item after receiving it. If item is defective we will supply return shipping label. Item must be returned in original packaging with all accessories included. We also charge a 15% restocking fee for cancelled transactions that are not shipped#comma# or we let it go to eBay as an unpaid bidder case.  Do Not Bid If You Do Not Intend To Follow Through!,,,,US,0,0,0,0,0,1,100,5,2,Days_30,4,1,-1,1,,,,,
547,VerifyAdd,Failure,21916519,#quote#Error - Listing is missing required item specific(s): #quote##quote#Brand#comma# Style#comma# Size Type#comma# Size (Men's)#quote##quote#. Please provide the required item specifics.|Brand#comma# Style#comma# Size Type#comma# Size (Men's)|57990|#quote#,,,,,,,,,,,,,,,,,,,,,,,,,,,,,,4PX542REDAXLG,,,,,,,,,,,,VerifyAdd,57990,Ecko Mns Numeral Polo Red X Large                  ,,<html><body>empty</body></html>,1000,,http://images.nationalgeographic.com/wpf/media-live/photos/000/687/cache/bonobo-congo-ziegler_68751_990x742.jpg,1,Auction,0.01,,3,0,55406,Gallery,1,sales@skygroupcloseouts.com,If you need a revised invoice for combined shipping#comma# please contact us before paying so we can adjust the shipping costs.,,,,Flat,6.875,MN,1,0,55406,FedExHomeDelivery,12,1,10,1,4PX542REDAXLG,ReturnsAccepted,MoneyBackOrExchange,Days_14,Buyer,Please contact us before returning any item. Items listed AS-IS or For Parts/Repair are not covered by our return policy.  We offer 14 days to return item after receiving it. If item is defective we will supply return shipping label. Item must be returned in original packaging with all accessories included. We also charge a 15% restocking fee for cancelled transactions that are not shipped#comma# or we let it go to eBay as an unpaid bidder case.  Do Not Bid If You Do Not Intend To Follow Through!,,,,US,0,0,0,0,0,1,100,5,2,Days_30,4,1,-1,1,,,,,
548,VerifyAdd,Failure,21916519,#quote#Error - Listing is missing required item specific(s): #quote##quote#Brand#comma# Size Type#comma# Dress Shirt Size#comma# Sleeve Length#quote##quote#. Please provide the required item specifics.|Brand#comma# Size Type#comma# Dress Shirt Size#comma# Sleeve Length|57991|#quote#,,,,,,,,,,,,,,,,,,,,,,,,,,,,,,4P9350NBRMN6X,,,,,,,,,,,,VerifyAdd,57991,Carhartt Duck Act Jac/Therm B/T Brown 6x 65-67     ,,<html><body>empty</body></html>,1000,,http://images.nationalgeographic.com/wpf/media-live/photos/000/687/cache/bonobo-congo-ziegler_68751_990x742.jpg,1,Auction,0.01,,3,0,55406,Gallery,1,sales@skygroupcloseouts.com,If you need a revised invoice for combined shipping#comma# please contact us before paying so we can adjust the shipping costs.,,,,Flat,6.875,MN,1,0,55406,FedExHomeDelivery,12,1,10,1,4P9350NBRMN6X,ReturnsAccepted,MoneyBackOrExchange,Days_14,Buyer,Please contact us before returning any item. Items listed AS-IS or For Parts/Repair are not covered by our return policy.  We offer 14 days to return item after receiving it. If item is defective we will supply return shipping label. Item must be returned in original packaging with all accessories included. We also charge a 15% restocking fee for cancelled transactions that are not shipped#comma# or we let it go to eBay as an unpaid bidder case.  Do Not Bid If You Do Not Intend To Follow Through!,,,,US,0,0,0,0,0,1,100,5,2,Days_30,4,1,-1,1,,,,,
549,VerifyAdd,Failure,21916519,#quote#Error - Listing is missing required item specific(s): #quote##quote#Brand#comma# Size Type#comma# Dress Shirt Size#comma# Sleeve Length#quote##quote#. Please provide the required item specifics.|Brand#comma# Size Type#comma# Dress Shirt Size#comma# Sleeve Length|57991|#quote#,,,,,,,,,,,,,,,,,,,,,,,,,,,,,,4PJ802NBRMXL8,,,,,,,,,,,,VerifyAdd,57991,Steve Harv Mn Windowpane2pcSet Brown X Large/38    ,,<html><body>empty</body></html>,1000,,http://images.nationalgeographic.com/wpf/media-live/photos/000/687/cache/bonobo-congo-ziegler_68751_990x742.jpg,1,Auction,0.01,,3,0,55406,Gallery,1,sales@skygroupcloseouts.com,If you need a revised invoice for combined shipping#comma# please contact us before paying so we can adjust the shipping costs.,,,,Flat,6.875,MN,1,0,55406,FedExHomeDelivery,12,1,10,1,4PJ802NBRMXL8,ReturnsAccepted,MoneyBackOrExchange,Days_14,Buyer,Please contact us before returning any item. Items listed AS-IS or For Parts/Repair are not covered by our return policy.  We offer 14 days to return item after receiving it. If item is defective we will supply return shipping label. Item must be returned in original packaging with all accessories included. We also charge a 15% restocking fee for cancelled transactions that are not shipped#comma# or we let it go to eBay as an unpaid bidder case.  Do Not Bid If You Do Not Intend To Follow Through!,,,,US,0,0,0,0,0,1,100,5,2,Days_30,4,1,-1,1,,,,,
550,VerifyAdd,Failure,21916519,#quote#Error - Listing is missing required item specific(s): #quote##quote#Brand#comma# Size Type#comma# Dress Shirt Size#comma# Sleeve Length#quote##quote#. Please provide the required item specifics.|Brand#comma# Size Type#comma# Dress Shirt Size#comma# Sleeve Length|57991|#quote#,,,,,,,,,,,,,,,,,,,,,,,,,,,,,,4PJ802BNVM2X2,,,,,,,,,,,,VerifyAdd,57991,Steve Harv Mn Windowpane2pcSet Navy 2XL/42         ,,<html><body>empty</body></html>,1000,,http://images.nationalgeographic.com/wpf/media-live/photos/000/687/cache/bonobo-congo-ziegler_68751_990x742.jpg,1,Auction,0.01,,3,0,55406,Gallery,1,sales@skygroupcloseouts.com,If you need a revised invoice for combined shipping#comma# please contact us before paying so we can adjust the shipping costs.,,,,Flat,6.875,MN,1,0,55406,FedExHomeDelivery,12,1,10,1,4PJ802BNVM2X2,ReturnsAccepted,MoneyBackOrExchange,Days_14,Buyer,Please contact us before returning any item. Items listed AS-IS or For Parts/Repair are not covered by our return policy.  We offer 14 days to return item after receiving it. If item is defective we will supply return shipping label. Item must be returned in original packaging with all accessories included. We also charge a 15% restocking fee for cancelled transactions that are not shipped#comma# or we let it go to eBay as an unpaid bidder case.  Do Not Bid If You Do Not Intend To Follow Through!,,,,US,0,0,0,0,0,1,100,5,2,Days_30,4,1,-1,1,,,,,
551,VerifyAdd,Failure,21916519,#quote#Error - Listing is missing required item specific(s): #quote##quote#Brand#comma# Size Type#comma# Dress Shirt Size#comma# Sleeve Length#quote##quote#. Please provide the required item specifics.|Brand#comma# Size Type#comma# Dress Shirt Size#comma# Sleeve Length|57991|#quote#,,,,,,,,,,,,,,,,,,,,,,,,,,,,,,4PF649NBLAXLG,,,,,,,,,,,,VerifyAdd,57991,Excelled Ms Polyester Pea Coat Black X Large       ,,<html><body>empty</body></html>,1000,,http://images.nationalgeographic.com/wpf/media-live/photos/000/687/cache/bonobo-congo-ziegler_68751_990x742.jpg,1,Auction,0.01,,3,0,55406,Gallery,1,sales@skygroupcloseouts.com,If you need a revised invoice for combined shipping#comma# please contact us before paying so we can adjust the shipping costs.,,,,Flat,6.875,MN,1,0,55406,FedExHomeDelivery,12,1,10,1,4PF649NBLAXLG,ReturnsAccepted,MoneyBackOrExchange,Days_14,Buyer,Please contact us before returning any item. Items listed AS-IS or For Parts/Repair are not covered by our return policy.  We offer 14 days to return item after receiving it. If item is defective we will supply return shipping label. Item must be returned in original packaging with all accessories included. We also charge a 15% restocking fee for cancelled transactions that are not shipped#comma# or we let it go to eBay as an unpaid bidder case.  Do Not Bid If You Do Not Intend To Follow Through!,,,,US,0,0,0,0,0,1,100,5,2,Days_30,4,1,-1,1,,,,,
552,VerifyAdd,Failure,21916519,#quote#Error - Listing is missing required item specific(s): #quote##quote#Brand#comma# Style#comma# US Shoe Size (Women's)#quote##quote#. Please provide the required item specifics.|Brand#comma# Style#comma# US Shoe Size (Women's)|62107|#quote#,,,,,,,,,,,,,,,,,,,,,,,,,,,,,,4PX585NFCS085,,,,,,,,,,,,VerifyAdd,62107,FS WM Indira Dress Sandal Fuscia 8 1/2             ,,<html><body>empty</body></html>,1000,,http://images.nationalgeographic.com/wpf/media-live/photos/000/687/cache/bonobo-congo-ziegler_68751_990x742.jpg,1,Auction,0.01,,3,0,55406,Gallery,1,sales@skygroupcloseouts.com,If you need a revised invoice for combined shipping#comma# please contact us before paying so we can adjust the shipping costs.,,,,Flat,6.875,MN,1,0,55406,FedExHomeDelivery,12,1,10,1,4PX585NFCS085,ReturnsAccepted,MoneyBackOrExchange,Days_14,Buyer,Please contact us before returning any item. Items listed AS-IS or For Parts/Repair are not covered by our return policy.  We offer 14 days to return item after receiving it. If item is defective we will supply return shipping label. Item must be returned in original packaging with all accessories included. We also charge a 15% restocking fee for cancelled transactions that are not shipped#comma# or we let it go to eBay as an unpaid bidder case.  Do Not Bid If You Do Not Intend To Follow Through!,,,,US,0,0,0,0,0,1,100,5,2,Days_30,4,1,-1,1,,,,,
553,VerifyAdd,Failure,21916519,#quote#Error - Listing is missing required item specific(s): #quote##quote#Brand#comma# Style#comma# US Shoe Size (Women's)#quote##quote#. Please provide the required item specifics.|Brand#comma# Style#comma# US Shoe Size (Women's)|62107|#quote#,,,,,,,,,,,,,,,,,,,,,,,,,,,,,,4PZ197NTPS090,,,,,,,,,,,,VerifyAdd,62107,GC Ellen t-strap sndl w/skulls Taupe 9             ,,<html><body>empty</body></html>,1000,,http://images.nationalgeographic.com/wpf/media-live/photos/000/687/cache/bonobo-congo-ziegler_68751_990x742.jpg,1,Auction,0.01,,3,0,55406,Gallery,1,sales@skygroupcloseouts.com,If you need a revised invoice for combined shipping#comma# please contact us before paying so we can adjust the shipping costs.,,,,Flat,6.875,MN,1,0,55406,FedExHomeDelivery,12,1,10,1,4PZ197NTPS090,ReturnsAccepted,MoneyBackOrExchange,Days_14,Buyer,Please contact us before returning any item. Items listed AS-IS or For Parts/Repair are not covered by our return policy.  We offer 14 days to return item after receiving it. If item is defective we will supply return shipping label. Item must be returned in original packaging with all accessories included. We also charge a 15% restocking fee for cancelled transactions that are not shipped#comma# or we let it go to eBay as an unpaid bidder case.  Do Not Bid If You Do Not Intend To Follow Through!,,,,US,0,0,0,0,0,1,100,5,2,Days_30,4,1,-1,1,,,,,
554,VerifyAdd,Failure,21916519,#quote#Error - Listing is missing required item specific(s): #quote##quote#Brand#comma# Style#comma# US Shoe Size (Women's)#quote##quote#. Please provide the required item specifics.|Brand#comma# Style#comma# US Shoe Size (Women's)|62107|#quote#,,,,,,,,,,,,,,,,,,,,,,,,,,,,,,4PX620NCAS055,,,,,,,,,,,,VerifyAdd,62107,Bucco Yalena Fringe Sandal Camel 5 1/2             ,,<html><body>empty</body></html>,1000,,http://images.nationalgeographic.com/wpf/media-live/photos/000/687/cache/bonobo-congo-ziegler_68751_990x742.jpg,1,Auction,0.01,,3,0,55406,Gallery,1,sales@skygroupcloseouts.com,If you need a revised invoice for combined shipping#comma# please contact us before paying so we can adjust the shipping costs.,,,,Flat,6.875,MN,1,0,55406,FedExHomeDelivery,12,1,10,1,4PX620NCAS055,ReturnsAccepted,MoneyBackOrExchange,Days_14,Buyer,Please contact us before returning any item. Items listed AS-IS or For Parts/Repair are not covered by our return policy.  We offer 14 days to return item after receiving it. If item is defective we will supply return shipping label. Item must be returned in original packaging with all accessories included. We also charge a 15% restocking fee for cancelled transactions that are not shipped#comma# or we let it go to eBay as an unpaid bidder case.  Do Not Bid If You Do Not Intend To Follow Through!,,,,US,0,0,0,0,0,1,100,5,2,Days_30,4,1,-1,1,,,,,
555,VerifyAdd,Failure,21916519,#quote#Error - Listing is missing required item specific(s): #quote##quote#Brand#comma# Style#comma# US Shoe Size (Women's)#quote##quote#. Please provide the required item specifics.|Brand#comma# Style#comma# US Shoe Size (Women's)|62107|#quote#,,,,,,,,,,,,,,,,,,,,,,,,,,,,,,4PZ534YGOS070,,,,,,,,,,,,VerifyAdd,62107,JS WM Violas Wedge Slide Gold 7                    ,,<html><body>empty</body></html>,1000,,http://images.nationalgeographic.com/wpf/media-live/photos/000/687/cache/bonobo-congo-ziegler_68751_990x742.jpg,1,Auction,0.01,,3,0,55406,Gallery,1,sales@skygroupcloseouts.com,If you need a revised invoice for combined shipping#comma# please contact us before paying so we can adjust the shipping costs.,,,,Flat,6.875,MN,1,0,55406,FedExHomeDelivery,12,1,10,1,4PZ534YGOS070,ReturnsAccepted,MoneyBackOrExchange,Days_14,Buyer,Please contact us before returning any item. Items listed AS-IS or For Parts/Repair are not covered by our return policy.  We offer 14 days to return item after receiving it. If item is defective we will supply return shipping label. Item must be returned in original packaging with all accessories included. We also charge a 15% restocking fee for cancelled transactions that are not shipped#comma# or we let it go to eBay as an unpaid bidder case.  Do Not Bid If You Do Not Intend To Follow Through!,,,,US,0,0,0,0,0,1,100,5,2,Days_30,4,1,-1,1,,,,,
556,VerifyAdd,Failure,21916519,#quote#Error - Listing is missing required item specific(s): #quote##quote#Brand#comma# Style#comma# US Shoe Size (Women's)#quote##quote#. Please provide the required item specifics.|Brand#comma# Style#comma# US Shoe Size (Women's)|62107|#quote#,,,,,,,,,,,,,,,,,,,,,,,,,,,,,,4PX386GCLW022,,,,,,,,,,,,VerifyAdd,62107,JessSimpson WmRuffleFrontDress Celery 22W          ,,<html><body>empty</body></html>,1000,,http://images.nationalgeographic.com/wpf/media-live/photos/000/687/cache/bonobo-congo-ziegler_68751_990x742.jpg,1,Auction,0.01,,3,0,55406,Gallery,1,sales@skygroupcloseouts.com,If you need a revised invoice for combined shipping#comma# please contact us before paying so we can adjust the shipping costs.,,,,Flat,6.875,MN,1,0,55406,FedExHomeDelivery,12,1,10,1,4PX386GCLW022,ReturnsAccepted,MoneyBackOrExchange,Days_14,Buyer,Please contact us before returning any item. Items listed AS-IS or For Parts/Repair are not covered by our return policy.  We offer 14 days to return item after receiving it. If item is defective we will supply return shipping label. Item must be returned in original packaging with all accessories included. We also charge a 15% restocking fee for cancelled transactions that are not shipped#comma# or we let it go to eBay as an unpaid bidder case.  Do Not Bid If You Do Not Intend To Follow Through!,,,,US,0,0,0,0,0,1,100,5,2,Days_30,4,1,-1,1,,,,,
557,VerifyAdd,Failure,21916519,#quote#Error - Listing is missing required item specific(s): #quote##quote#Brand#comma# Style#comma# US Shoe Size (Women's)#quote##quote#. Please provide the required item specifics.|Brand#comma# Style#comma# US Shoe Size (Women's)|62107|#quote#,,,,,,,,,,,,,,,,,,,,,,,,,,,,,,4PX808MSLS085,,,,,,,,,,,,VerifyAdd,62107,Carrini Studded Flower Sandal Silver 8 1/2         ,,<html><body>empty</body></html>,1000,,http://images.nationalgeographic.com/wpf/media-live/photos/000/687/cache/bonobo-congo-ziegler_68751_990x742.jpg,1,Auction,0.01,,3,0,55406,Gallery,1,sales@skygroupcloseouts.com,If you need a revised invoice for combined shipping#comma# please contact us before paying so we can adjust the shipping costs.,,,,Flat,6.875,MN,1,0,55406,FedExHomeDelivery,12,1,10,1,4PX808MSLS085,ReturnsAccepted,MoneyBackOrExchange,Days_14,Buyer,Please contact us before returning any item. Items listed AS-IS or For Parts/Repair are not covered by our return policy.  We offer 14 days to return item after receiving it. If item is defective we will supply return shipping label. Item must be returned in original packaging with all accessories included. We also charge a 15% restocking fee for cancelled transactions that are not shipped#comma# or we let it go to eBay as an unpaid bidder case.  Do Not Bid If You Do Not Intend To Follow Through!,,,,US,0,0,0,0,0,1,100,5,2,Days_30,4,1,-1,1,,,,,
558,VerifyAdd,Failure,21916519,#quote#Error - Listing is missing required item specific(s): #quote##quote#Brand#comma# Style#comma# US Shoe Size (Women's)#quote##quote#. Please provide the required item specifics.|Brand#comma# Style#comma# US Shoe Size (Women's)|62107|#quote#,,,,,,,,,,,,,,,,,,,,,,,,,,,,,,4PF223NAF0010,,,,,,,,,,,,VerifyAdd,62107,EclipseTavrnBOTherm 63#quote#Panel-Cafe                  ,,<html><body>empty</body></html>,1000,,http://images.nationalgeographic.com/wpf/media-live/photos/000/687/cache/bonobo-congo-ziegler_68751_990x742.jpg,1,Auction,0.01,,3,0,55406,Gallery,1,sales@skygroupcloseouts.com,If you need a revised invoice for combined shipping#comma# please contact us before paying so we can adjust the shipping costs.,,,,Flat,6.875,MN,1,0,55406,FedExHomeDelivery,12,1,10,1,4PF223NAF0010,ReturnsAccepted,MoneyBackOrExchange,Days_14,Buyer,Please contact us before returning any item. Items listed AS-IS or For Parts/Repair are not covered by our return policy.  We offer 14 days to return item after receiving it. If item is defective we will supply return shipping label. Item must be returned in original packaging with all accessories included. We also charge a 15% restocking fee for cancelled transactions that are not shipped#comma# or we let it go to eBay as an unpaid bidder case.  Do Not Bid If You Do Not Intend To Follow Through!,,,,US,0,0,0,0,0,1,100,5,2,Days_30,4,1,-1,1,,,,,
559,VerifyAdd,Failure,21916519,#quote#Error - Listing is missing required item specific(s): #quote##quote#Brand#comma# Style#comma# US Shoe Size (Women's)#quote##quote#. Please provide the required item specifics.|Brand#comma# Style#comma# US Shoe Size (Women's)|62107|#quote#,,,,,,,,,,,,,,,,,,,,,,,,,,,,,,4PV538NBLS080,,,,,,,,,,,,VerifyAdd,62107,Bandolino WM Silvana PeepWedge Black 8             ,,<html><body>empty</body></html>,1000,,http://images.nationalgeographic.com/wpf/media-live/photos/000/687/cache/bonobo-congo-ziegler_68751_990x742.jpg,1,Auction,0.01,,3,0,55406,Gallery,1,sales@skygroupcloseouts.com,If you need a revised invoice for combined shipping#comma# please contact us before paying so we can adjust the shipping costs.,,,,Flat,6.875,MN,1,0,55406,FedExHomeDelivery,12,1,10,1,4PV538NBLS080,ReturnsAccepted,MoneyBackOrExchange,Days_14,Buyer,Please contact us before returning any item. Items listed AS-IS or For Parts/Repair are not covered by our return policy.  We offer 14 days to return item after receiving it. If item is defective we will supply return shipping label. Item must be returned in original packaging with all accessories included. We also charge a 15% restocking fee for cancelled transactions that are not shipped#comma# or we let it go to eBay as an unpaid bidder case.  Do Not Bid If You Do Not Intend To Follow Through!,,,,US,0,0,0,0,0,1,100,5,2,Days_30,4,1,-1,1,,,,,
560,VerifyAdd,Failure,21916519,#quote#Error - Listing is missing required item specific(s): #quote##quote#Brand#comma# Style#comma# US Shoe Size (Women's)#quote##quote#. Please provide the required item specifics.|Brand#comma# Style#comma# US Shoe Size (Women's)|62107|#quote#,,,,,,,,,,,,,,,,,,,,,,,,,,,,,,4PZ050NBES085,,,,,,,,,,,,VerifyAdd,62107,Carrini WM StripeCanvas Sandal Beige 8 1/2         ,,<html><body>empty</body></html>,1000,,http://images.nationalgeographic.com/wpf/media-live/photos/000/687/cache/bonobo-congo-ziegler_68751_990x742.jpg,1,Auction,0.01,,3,0,55406,Gallery,1,sales@skygroupcloseouts.com,If you need a revised invoice for combined shipping#comma# please contact us before paying so we can adjust the shipping costs.,,,,Flat,6.875,MN,1,0,55406,FedExHomeDelivery,12,1,10,1,4PZ050NBES085,ReturnsAccepted,MoneyBackOrExchange,Days_14,Buyer,Please contact us before returning any item. Items listed AS-IS or For Parts/Repair are not covered by our return policy.  We offer 14 days to return item after receiving it. If item is defective we will supply return shipping label. Item must be returned in original packaging with all accessories included. We also charge a 15% restocking fee for cancelled transactions that are not shipped#comma# or we let it go to eBay as an unpaid bidder case.  Do Not Bid If You Do Not Intend To Follow Through!,,,,US,0,0,0,0,0,1,100,5,2,Days_30,4,1,-1,1,,,,,
561,VerifyAdd,Failure,21916519,#quote#Error - Listing is missing required item specific(s): #quote##quote#Brand#comma# Style#comma# US Shoe Size (Women's)#quote##quote#. Please provide the required item specifics.|Brand#comma# Style#comma# US Shoe Size (Women's)|62107|#quote#,,,,,,,,,,,,,,,,,,,,,,,,,,,,,,4QC279NBWS080,,,,,,,,,,,,VerifyAdd,62107,GC WM Fabulous SequinBandSlide Brown 8             ,,<html><body>empty</body></html>,1000,,http://images.nationalgeographic.com/wpf/media-live/photos/000/687/cache/bonobo-congo-ziegler_68751_990x742.jpg,1,Auction,0.01,,3,0,55406,Gallery,1,sales@skygroupcloseouts.com,If you need a revised invoice for combined shipping#comma# please contact us before paying so we can adjust the shipping costs.,,,,Flat,6.875,MN,1,0,55406,FedExHomeDelivery,12,1,10,1,4QC279NBWS080,ReturnsAccepted,MoneyBackOrExchange,Days_14,Buyer,Please contact us before returning any item. Items listed AS-IS or For Parts/Repair are not covered by our return policy.  We offer 14 days to return item after receiving it. If item is defective we will supply return shipping label. Item must be returned in original packaging with all accessories included. We also charge a 15% restocking fee for cancelled transactions that are not shipped#comma# or we let it go to eBay as an unpaid bidder case.  Do Not Bid If You Do Not Intend To Follow Through!,,,,US,0,0,0,0,0,1,100,5,2,Days_30,4,1,-1,1,,,,,
562,VerifyAdd,Failure,21916519,#quote#Error - Listing is missing required item specific(s): #quote##quote#Brand#comma# Style#comma# US Shoe Size (Women's)#quote##quote#. Please provide the required item specifics.|Brand#comma# Style#comma# US Shoe Size (Women's)|62107|#quote#,,,,,,,,,,,,,,,,,,,,,,,,,,,,,,4PY360NBWS090,,,,,,,,,,,,VerifyAdd,62107,JS GENO STUDDED WEDGE SANDAL Brown 9               ,,<html><body>empty</body></html>,1000,,http://images.nationalgeographic.com/wpf/media-live/photos/000/687/cache/bonobo-congo-ziegler_68751_990x742.jpg,1,Auction,0.01,,3,0,55406,Gallery,1,sales@skygroupcloseouts.com,If you need a revised invoice for combined shipping#comma# please contact us before paying so we can adjust the shipping costs.,,,,Flat,6.875,MN,1,0,55406,FedExHomeDelivery,12,1,10,1,4PY360NBWS090,ReturnsAccepted,MoneyBackOrExchange,Days_14,Buyer,Please contact us before returning any item. Items listed AS-IS or For Parts/Repair are not covered by our return policy.  We offer 14 days to return item after receiving it. If item is defective we will supply return shipping label. Item must be returned in original packaging with all accessories included. We also charge a 15% restocking fee for cancelled transactions that are not shipped#comma# or we let it go to eBay as an unpaid bidder case.  Do Not Bid If You Do Not Intend To Follow Through!,,,,US,0,0,0,0,0,1,100,5,2,Days_30,4,1,-1,1,,,,,
563,VerifyAdd,Failure,21916519,#quote#Error - Listing is missing required item specific(s): #quote##quote#Brand#comma# Style#comma# US Shoe Size (Women's)#quote##quote#. Please provide the required item specifics.|Brand#comma# Style#comma# US Shoe Size (Women's)|62107|#quote#,,,,,,,,,,,,,,,,,,,,,,,,,,,,,,4PL0090000010,,,,,,,,,,,,VerifyAdd,62107,Hayden 18#quote#x84#quote# Valance                             ,,<html><body>empty</body></html>,1000,,http://images.nationalgeographic.com/wpf/media-live/photos/000/687/cache/bonobo-congo-ziegler_68751_990x742.jpg,1,Auction,0.01,,3,0,55406,Gallery,1,sales@skygroupcloseouts.com,If you need a revised invoice for combined shipping#comma# please contact us before paying so we can adjust the shipping costs.,,,,Flat,6.875,MN,1,0,55406,FedExHomeDelivery,12,1,10,1,4PL0090000010,ReturnsAccepted,MoneyBackOrExchange,Days_14,Buyer,Please contact us before returning any item. Items listed AS-IS or For Parts/Repair are not covered by our return policy.  We offer 14 days to return item after receiving it. If item is defective we will supply return shipping label. Item must be returned in original packaging with all accessories included. We also charge a 15% restocking fee for cancelled transactions that are not shipped#comma# or we let it go to eBay as an unpaid bidder case.  Do Not Bid If You Do Not Intend To Follow Through!,,,,US,0,0,0,0,0,1,100,5,2,Days_30,4,1,-1,1,,,,,
564,VerifyAdd,Failure,21916519,#quote#Error - Listing is missing required item specific(s): #quote##quote#Brand#comma# Style#comma# US Shoe Size (Women's)#quote##quote#. Please provide the required item specifics.|Brand#comma# Style#comma# US Shoe Size (Women's)|62107|#quote#,,,,,,,,,,,,,,,,,,,,,,,,,,,,,,4PX810RNVS100,,,,,,,,,,,,VerifyAdd,62107,Dr. Scholls Rock Sandal Red-Navy 10               ,,<html><body>empty</body></html>,1000,,http://images.nationalgeographic.com/wpf/media-live/photos/000/687/cache/bonobo-congo-ziegler_68751_990x742.jpg,1,Auction,0.01,,3,0,55406,Gallery,1,sales@skygroupcloseouts.com,If you need a revised invoice for combined shipping#comma# please contact us before paying so we can adjust the shipping costs.,,,,Flat,6.875,MN,1,0,55406,FedExHomeDelivery,12,1,10,1,4PX810RNVS100,ReturnsAccepted,MoneyBackOrExchange,Days_14,Buyer,Please contact us before returning any item. Items listed AS-IS or For Parts/Repair are not covered by our return policy.  We offer 14 days to return item after receiving it. If item is defective we will supply return shipping label. Item must be returned in original packaging with all accessories included. We also charge a 15% restocking fee for cancelled transactions that are not shipped#comma# or we let it go to eBay as an unpaid bidder case.  Do Not Bid If You Do Not Intend To Follow Through!,,,,US,0,0,0,0,0,1,100,5,2,Days_30,4,1,-1,1,,,,,
565,VerifyAdd,Failure,21916519,#quote#Error - Listing is missing required item specific(s): #quote##quote#Brand#comma# Style#comma# US Shoe Size (Women's)#quote##quote#. Please provide the required item specifics.|Brand#comma# Style#comma# US Shoe Size (Women's)|62107|#quote#,,,,,,,,,,,,,,,,,,,,,,,,,,,,,,4PR867RCEM016,,,,,,,,,,,,VerifyAdd,62107,Lee Miss Cleo Bermuda Short Cherry 16              ,,<html><body>empty</body></html>,1000,,http://images.nationalgeographic.com/wpf/media-live/photos/000/687/cache/bonobo-congo-ziegler_68751_990x742.jpg,1,Auction,0.01,,3,0,55406,Gallery,1,sales@skygroupcloseouts.com,If you need a revised invoice for combined shipping#comma# please contact us before paying so we can adjust the shipping costs.,,,,Flat,6.875,MN,1,0,55406,FedExHomeDelivery,12,1,10,1,4PR867RCEM016,ReturnsAccepted,MoneyBackOrExchange,Days_14,Buyer,Please contact us before returning any item. Items listed AS-IS or For Parts/Repair are not covered by our return policy.  We offer 14 days to return item after receiving it. If item is defective we will supply return shipping label. Item must be returned in original packaging with all accessories included. We also charge a 15% restocking fee for cancelled transactions that are not shipped#comma# or we let it go to eBay as an unpaid bidder case.  Do Not Bid If You Do Not Intend To Follow Through!,,,,US,0,0,0,0,0,1,100,5,2,Days_30,4,1,-1,1,,,,,
566,VerifyAdd,Failure,21916519,#quote#Error - Listing is missing required item specific(s): #quote##quote#Brand#comma# Style#comma# US Shoe Size (Women's)#quote##quote#. Please provide the required item specifics.|Brand#comma# Style#comma# US Shoe Size (Women's)|62107|#quote#,,,,,,,,,,,,,,,,,,,,,,,,,,,,,,4N0770NTP0010,,,,,,,,,,,,VerifyAdd,62107,Microfiber Queen Sheet Set-Taupe                   ,,<html><body>empty</body></html>,1000,,http://images.nationalgeographic.com/wpf/media-live/photos/000/687/cache/bonobo-congo-ziegler_68751_990x742.jpg,1,Auction,0.01,,3,0,55406,Gallery,1,sales@skygroupcloseouts.com,If you need a revised invoice for combined shipping#comma# please contact us before paying so we can adjust the shipping costs.,,,,Flat,6.875,MN,1,0,55406,FedExHomeDelivery,12,1,10,1,4N0770NTP0010,ReturnsAccepted,MoneyBackOrExchange,Days_14,Buyer,Please contact us before returning any item. Items listed AS-IS or For Parts/Repair are not covered by our return policy.  We offer 14 days to return item after receiving it. If item is defective we will supply return shipping label. Item must be returned in original packaging with all accessories included. We also charge a 15% restocking fee for cancelled transactions that are not shipped#comma# or we let it go to eBay as an unpaid bidder case.  Do Not Bid If You Do Not Intend To Follow Through!,,,,US,0,0,0,0,0,1,100,5,2,Days_30,4,1,-1,1,,,,,
567,VerifyAdd,Failure,21916519,#quote#Error - Listing is missing required item specific(s): #quote##quote#Brand#comma# Style#comma# US Shoe Size (Women's)#quote##quote#. Please provide the required item specifics.|Brand#comma# Style#comma# US Shoe Size (Women's)|62107|#quote#,,,,,,,,,,,,,,,,,,,,,,,,,,,,,,4PX808NBLS085,,,,,,,,,,,,VerifyAdd,62107,Carrini Studded Flower Sandal Black 8 1/2          ,,<html><body>empty</body></html>,1000,,http://images.nationalgeographic.com/wpf/media-live/photos/000/687/cache/bonobo-congo-ziegler_68751_990x742.jpg,1,Auction,0.01,,3,0,55406,Gallery,1,sales@skygroupcloseouts.com,If you need a revised invoice for combined shipping#comma# please contact us before paying so we can adjust the shipping costs.,,,,Flat,6.875,MN,1,0,55406,FedExHomeDelivery,12,1,10,1,4PX808NBLS085,ReturnsAccepted,MoneyBackOrExchange,Days_14,Buyer,Please contact us before returning any item. Items listed AS-IS or For Parts/Repair are not covered by our return policy.  We offer 14 days to return item after receiving it. If item is defective we will supply return shipping label. Item must be returned in original packaging with all accessories included. We also charge a 15% restocking fee for cancelled transactions that are not shipped#comma# or we let it go to eBay as an unpaid bidder case.  Do Not Bid If You Do Not Intend To Follow Through!,,,,US,0,0,0,0,0,1,100,5,2,Days_30,4,1,-1,1,,,,,
568,VerifyAdd,Failure,21916519,#quote#Error - Listing is missing required item specific(s): #quote##quote#Brand#comma# Style#comma# US Shoe Size (Women's)#quote##quote#. Please provide the required item specifics.|Brand#comma# Style#comma# US Shoe Size (Women's)|62107|#quote#,,,,,,,,,,,,,,,,,,,,,,,,,,,,,,4PX556REDS095,,,,,,,,,,,,VerifyAdd,62107,FS WM Crispin Espadrille sandl Red 9 1/2           ,,<html><body>empty</body></html>,1000,,http://images.nationalgeographic.com/wpf/media-live/photos/000/687/cache/bonobo-congo-ziegler_68751_990x742.jpg,1,Auction,0.01,,3,0,55406,Gallery,1,sales@skygroupcloseouts.com,If you need a revised invoice for combined shipping#comma# please contact us before paying so we can adjust the shipping costs.,,,,Flat,6.875,MN,1,0,55406,FedExHomeDelivery,12,1,10,1,4PX556REDS095,ReturnsAccepted,MoneyBackOrExchange,Days_14,Buyer,Please contact us before returning any item. Items listed AS-IS or For Parts/Repair are not covered by our return policy.  We offer 14 days to return item after receiving it. If item is defective we will supply return shipping label. Item must be returned in original packaging with all accessories included. We also charge a 15% restocking fee for cancelled transactions that are not shipped#comma# or we let it go to eBay as an unpaid bidder case.  Do Not Bid If You Do Not Intend To Follow Through!,,,,US,0,0,0,0,0,1,100,5,2,Days_30,4,1,-1,1,,,,,
569,VerifyAdd,Failure,21916519,#quote#Error - Listing is missing required item specific(s): #quote##quote#Brand#comma# Style#comma# US Shoe Size (Women's)#quote##quote#. Please provide the required item specifics.|Brand#comma# Style#comma# US Shoe Size (Women's)|62107|#quote#,,,,,,,,,,,,,,,,,,,,,,,,,,,,,,4PX556NT2S095,,,,,,,,,,,,VerifyAdd,62107,FS WM Crispin Espadrille sandl Terra Cotta 9 1/2   ,,<html><body>empty</body></html>,1000,,http://images.nationalgeographic.com/wpf/media-live/photos/000/687/cache/bonobo-congo-ziegler_68751_990x742.jpg,1,Auction,0.01,,3,0,55406,Gallery,1,sales@skygroupcloseouts.com,If you need a revised invoice for combined shipping#comma# please contact us before paying so we can adjust the shipping costs.,,,,Flat,6.875,MN,1,0,55406,FedExHomeDelivery,12,1,10,1,4PX556NT2S095,ReturnsAccepted,MoneyBackOrExchange,Days_14,Buyer,Please contact us before returning any item. Items listed AS-IS or For Parts/Repair are not covered by our return policy.  We offer 14 days to return item after receiving it. If item is defective we will supply return shipping label. Item must be returned in original packaging with all accessories included. We also charge a 15% restocking fee for cancelled transactions that are not shipped#comma# or we let it go to eBay as an unpaid bidder case.  Do Not Bid If You Do Not Intend To Follow Through!,,,,US,0,0,0,0,0,1,100,5,2,Days_30,4,1,-1,1,,,,,
570,VerifyAdd,Failure,21916519,#quote#Error - Listing is missing required item specific(s): #quote##quote#Brand#comma# Style#comma# US Shoe Size (Women's)#quote##quote#. Please provide the required item specifics.|Brand#comma# Style#comma# US Shoe Size (Women's)|62107|#quote#,,,,,,,,,,,,,,,,,,,,,,,,,,,,,,4QA274RCOS070,,,,,,,,,,,,VerifyAdd,62107,Carrini WM RhinestoneFrnt Thg Coral 7              ,,<html><body>empty</body></html>,1000,,http://images.nationalgeographic.com/wpf/media-live/photos/000/687/cache/bonobo-congo-ziegler_68751_990x742.jpg,1,Auction,0.01,,3,0,55406,Gallery,1,sales@skygroupcloseouts.com,If you need a revised invoice for combined shipping#comma# please contact us before paying so we can adjust the shipping costs.,,,,Flat,6.875,MN,1,0,55406,FedExHomeDelivery,12,1,10,1,4QA274RCOS070,ReturnsAccepted,MoneyBackOrExchange,Days_14,Buyer,Please contact us before returning any item. Items listed AS-IS or For Parts/Repair are not covered by our return policy.  We offer 14 days to return item after receiving it. If item is defective we will supply return shipping label. Item must be returned in original packaging with all accessories included. We also charge a 15% restocking fee for cancelled transactions that are not shipped#comma# or we let it go to eBay as an unpaid bidder case.  Do Not Bid If You Do Not Intend To Follow Through!,,,,US,0,0,0,0,0,1,100,5,2,Days_30,4,1,-1,1,,,,,
571,VerifyAdd,Failure,21916519,#quote#Error - Listing is missing required item specific(s): #quote##quote#Brand#comma# Style#comma# US Shoe Size (Women's)#quote##quote#. Please provide the required item specifics.|Brand#comma# Style#comma# US Shoe Size (Women's)|62107|#quote#,,,,,,,,,,,,,,,,,,,,,,,,,,,,,,4PZ470NBLS085,,,,,,,,,,,,VerifyAdd,62107,Carrini WM SilvrRhinestoneSndl Black 8 1/2         ,,<html><body>empty</body></html>,1000,,http://images.nationalgeographic.com/wpf/media-live/photos/000/687/cache/bonobo-congo-ziegler_68751_990x742.jpg,1,Auction,0.01,,3,0,55406,Gallery,1,sales@skygroupcloseouts.com,If you need a revised invoice for combined shipping#comma# please contact us before paying so we can adjust the shipping costs.,,,,Flat,6.875,MN,1,0,55406,FedExHomeDelivery,12,1,10,1,4PZ470NBLS085,ReturnsAccepted,MoneyBackOrExchange,Days_14,Buyer,Please contact us before returning any item. Items listed AS-IS or For Parts/Repair are not covered by our return policy.  We offer 14 days to return item after receiving it. If item is defective we will supply return shipping label. Item must be returned in original packaging with all accessories included. We also charge a 15% restocking fee for cancelled transactions that are not shipped#comma# or we let it go to eBay as an unpaid bidder case.  Do Not Bid If You Do Not Intend To Follow Through!,,,,US,0,0,0,0,0,1,100,5,2,Days_30,4,1,-1,1,,,,,
572,VerifyAdd,Failure,21916519,#quote#Error - Listing is missing required item specific(s): #quote##quote#Brand#comma# Style#comma# US Shoe Size (Women's)#quote##quote#. Please provide the required item specifics.|Brand#comma# Style#comma# US Shoe Size (Women's)|62107|#quote#,,,,,,,,,,,,,,,,,,,,,,,,,,,,,,4QB953NBLS085,,,,,,,,,,,,VerifyAdd,62107,CL  Z-Double Up Wedge Sandal Black 8 1/2           ,,<html><body>empty</body></html>,1000,,http://images.nationalgeographic.com/wpf/media-live/photos/000/687/cache/bonobo-congo-ziegler_68751_990x742.jpg,1,Auction,0.01,,3,0,55406,Gallery,1,sales@skygroupcloseouts.com,If you need a revised invoice for combined shipping#comma# please contact us before paying so we can adjust the shipping costs.,,,,Flat,6.875,MN,1,0,55406,FedExHomeDelivery,12,1,10,1,4QB953NBLS085,ReturnsAccepted,MoneyBackOrExchange,Days_14,Buyer,Please contact us before returning any item. Items listed AS-IS or For Parts/Repair are not covered by our return policy.  We offer 14 days to return item after receiving it. If item is defective we will supply return shipping label. Item must be returned in original packaging with all accessories included. We also charge a 15% restocking fee for cancelled transactions that are not shipped#comma# or we let it go to eBay as an unpaid bidder case.  Do Not Bid If You Do Not Intend To Follow Through!,,,,US,0,0,0,0,0,1,100,5,2,Days_30,4,1,-1,1,,,,,
573,VerifyAdd,Failure,21916519,#quote#Error - Listing is missing required item specific(s): #quote##quote#Brand#comma# Style#comma# US Shoe Size (Women's)#quote##quote#. Please provide the required item specifics.|Brand#comma# Style#comma# US Shoe Size (Women's)|62107|#quote#,,,,,,,,,,,,,,,,,,,,,,,,,,,,,,4PX807RCOS090,,,,,,,,,,,,VerifyAdd,62107,Carrini WM Studded Gladiator Coral 9               ,,<html><body>empty</body></html>,1000,,http://images.nationalgeographic.com/wpf/media-live/photos/000/687/cache/bonobo-congo-ziegler_68751_990x742.jpg,1,Auction,0.01,,3,0,55406,Gallery,1,sales@skygroupcloseouts.com,If you need a revised invoice for combined shipping#comma# please contact us before paying so we can adjust the shipping costs.,,,,Flat,6.875,MN,1,0,55406,FedExHomeDelivery,12,1,10,1,4PX807RCOS090,ReturnsAccepted,MoneyBackOrExchange,Days_14,Buyer,Please contact us before returning any item. Items listed AS-IS or For Parts/Repair are not covered by our return policy.  We offer 14 days to return item after receiving it. If item is defective we will supply return shipping label. Item must be returned in original packaging with all accessories included. We also charge a 15% restocking fee for cancelled transactions that are not shipped#comma# or we let it go to eBay as an unpaid bidder case.  Do Not Bid If You Do Not Intend To Follow Through!,,,,US,0,0,0,0,0,1,100,5,2,Days_30,4,1,-1,1,,,,,
574,VerifyAdd,Failure,21916519,#quote#Error - Listing is missing required item specific(s): #quote##quote#Brand#comma# Style#comma# US Shoe Size (Women's)#quote##quote#. Please provide the required item specifics.|Brand#comma# Style#comma# US Shoe Size (Women's)|62107|#quote#,,,,,,,,,,,,,,,,,,,,,,,,,,,,,,4PZ195NBLS110,,,,,,,,,,,,VerifyAdd,62107,G&C Sofie wdg w-circle detail Black 11             ,,<html><body>empty</body></html>,1000,,http://images.nationalgeographic.com/wpf/media-live/photos/000/687/cache/bonobo-congo-ziegler_68751_990x742.jpg,1,Auction,0.01,,3,0,55406,Gallery,1,sales@skygroupcloseouts.com,If you need a revised invoice for combined shipping#comma# please contact us before paying so we can adjust the shipping costs.,,,,Flat,6.875,MN,1,0,55406,FedExHomeDelivery,12,1,10,1,4PZ195NBLS110,ReturnsAccepted,MoneyBackOrExchange,Days_14,Buyer,Please contact us before returning any item. Items listed AS-IS or For Parts/Repair are not covered by our return policy.  We offer 14 days to return item after receiving it. If item is defective we will supply return shipping label. Item must be returned in original packaging with all accessories included. We also charge a 15% restocking fee for cancelled transactions that are not shipped#comma# or we let it go to eBay as an unpaid bidder case.  Do Not Bid If You Do Not Intend To Follow Through!,,,,US,0,0,0,0,0,1,100,5,2,Days_30,4,1,-1,1,,,,,
575,VerifyAdd,Failure,21916519,#quote#Error - Listing is missing required item specific(s): #quote##quote#Brand#comma# Style#comma# US Shoe Size (Women's)#quote##quote#. Please provide the required item specifics.|Brand#comma# Style#comma# US Shoe Size (Women's)|62107|#quote#,,,,,,,,,,,,,,,,,,,,,,,,,,,,,,4PS626NBLJ075,,,,,,,,,,,,VerifyAdd,62107,Converse CT All Star Cutaway Black 7 1/2           ,,<html><body>empty</body></html>,1000,,http://images.nationalgeographic.com/wpf/media-live/photos/000/687/cache/bonobo-congo-ziegler_68751_990x742.jpg,1,Auction,0.01,,3,0,55406,Gallery,1,sales@skygroupcloseouts.com,If you need a revised invoice for combined shipping#comma# please contact us before paying so we can adjust the shipping costs.,,,,Flat,6.875,MN,1,0,55406,FedExHomeDelivery,12,1,10,1,4PS626NBLJ075,ReturnsAccepted,MoneyBackOrExchange,Days_14,Buyer,Please contact us before returning any item. Items listed AS-IS or For Parts/Repair are not covered by our return policy.  We offer 14 days to return item after receiving it. If item is defective we will supply return shipping label. Item must be returned in original packaging with all accessories included. We also charge a 15% restocking fee for cancelled transactions that are not shipped#comma# or we let it go to eBay as an unpaid bidder case.  Do Not Bid If You Do Not Intend To Follow Through!,,,,US,0,0,0,0,0,1,100,5,2,Days_30,4,1,-1,1,,,,,
576,VerifyAdd,Failure,21916519,#quote#Error - Listing is missing required item specific(s): #quote##quote#Brand#comma# Style#comma# US Shoe Size (Women's)#quote##quote#. Please provide the required item specifics.|Brand#comma# Style#comma# US Shoe Size (Women's)|62107|#quote#,,,,,,,,,,,,,,,,,,,,,,,,,,,,,,4QA279NWHS085,,,,,,,,,,,,VerifyAdd,62107,Carrini WM Flower Wedge Sandal White 8 1/2         ,,<html><body>empty</body></html>,1000,,http://images.nationalgeographic.com/wpf/media-live/photos/000/687/cache/bonobo-congo-ziegler_68751_990x742.jpg,1,Auction,0.01,,3,0,55406,Gallery,1,sales@skygroupcloseouts.com,If you need a revised invoice for combined shipping#comma# please contact us before paying so we can adjust the shipping costs.,,,,Flat,6.875,MN,1,0,55406,FedExHomeDelivery,12,1,10,1,4QA279NWHS085,ReturnsAccepted,MoneyBackOrExchange,Days_14,Buyer,Please contact us before returning any item. Items listed AS-IS or For Parts/Repair are not covered by our return policy.  We offer 14 days to return item after receiving it. If item is defective we will supply return shipping label. Item must be returned in original packaging with all accessories included. We also charge a 15% restocking fee for cancelled transactions that are not shipped#comma# or we let it go to eBay as an unpaid bidder case.  Do Not Bid If You Do Not Intend To Follow Through!,,,,US,0,0,0,0,0,1,100,5,2,Days_30,4,1,-1,1,,,,,
577,VerifyAdd,Failure,21916519,#quote#Error - Listing is missing required item specific(s): #quote##quote#Brand#comma# Style#comma# US Shoe Size (Women's)#quote##quote#. Please provide the required item specifics.|Brand#comma# Style#comma# US Shoe Size (Women's)|62107|#quote#,,,,,,,,,,,,,,,,,,,,,,,,,,,,,,4PX820RPKS080,,,,,,,,,,,,VerifyAdd,62107,MA Dalane Sandal Pink 8                            ,,<html><body>empty</body></html>,1000,,http://images.nationalgeographic.com/wpf/media-live/photos/000/687/cache/bonobo-congo-ziegler_68751_990x742.jpg,1,Auction,0.01,,3,0,55406,Gallery,1,sales@skygroupcloseouts.com,If you need a revised invoice for combined shipping#comma# please contact us before paying so we can adjust the shipping costs.,,,,Flat,6.875,MN,1,0,55406,FedExHomeDelivery,12,1,10,1,4PX820RPKS080,ReturnsAccepted,MoneyBackOrExchange,Days_14,Buyer,Please contact us before returning any item. Items listed AS-IS or For Parts/Repair are not covered by our return policy.  We offer 14 days to return item after receiving it. If item is defective we will supply return shipping label. Item must be returned in original packaging with all accessories included. We also charge a 15% restocking fee for cancelled transactions that are not shipped#comma# or we let it go to eBay as an unpaid bidder case.  Do Not Bid If You Do Not Intend To Follow Through!,,,,US,0,0,0,0,0,1,100,5,2,Days_30,4,1,-1,1,,,,,
578,VerifyAdd,Failure,21916519,#quote#Error - Listing is missing required item specific(s): #quote##quote#Brand#comma# Style#comma# US Shoe Size (Women's)#quote##quote#. Please provide the required item specifics.|Brand#comma# Style#comma# US Shoe Size (Women's)|62107|#quote#,,,,,,,,,,,,,,,,,,,,,,,,,,,,,,4PZ182REDS070,,,,,,,,,,,,VerifyAdd,62107,Nautica Wm Largo Thong Sandal Red 7                ,,<html><body>empty</body></html>,1000,,http://images.nationalgeographic.com/wpf/media-live/photos/000/687/cache/bonobo-congo-ziegler_68751_990x742.jpg,1,Auction,0.01,,3,0,55406,Gallery,1,sales@skygroupcloseouts.com,If you need a revised invoice for combined shipping#comma# please contact us before paying so we can adjust the shipping costs.,,,,Flat,6.875,MN,1,0,55406,FedExHomeDelivery,12,1,10,1,4PZ182REDS070,ReturnsAccepted,MoneyBackOrExchange,Days_14,Buyer,Please contact us before returning any item. Items listed AS-IS or For Parts/Repair are not covered by our return policy.  We offer 14 days to return item after receiving it. If item is defective we will supply return shipping label. Item must be returned in original packaging with all accessories included. We also charge a 15% restocking fee for cancelled transactions that are not shipped#comma# or we let it go to eBay as an unpaid bidder case.  Do Not Bid If You Do Not Intend To Follow Through!,,,,US,0,0,0,0,0,1,100,5,2,Days_30,4,1,-1,1,,,,,
579,VerifyAdd,Failure,21916519,#quote#Error - Listing is missing required item specific(s): #quote##quote#Brand#comma# Style#comma# US Shoe Size (Women's)#quote##quote#. Please provide the required item specifics.|Brand#comma# Style#comma# US Shoe Size (Women's)|62107|#quote#,,,,,,,,,,,,,,,,,,,,,,,,,,,,,,4QB953NBLS065,,,,,,,,,,,,VerifyAdd,62107,CL  Z-Double Up Wedge Sandal Black 6 1/2           ,,<html><body>empty</body></html>,1000,,http://images.nationalgeographic.com/wpf/media-live/photos/000/687/cache/bonobo-congo-ziegler_68751_990x742.jpg,1,Auction,0.01,,3,0,55406,Gallery,1,sales@skygroupcloseouts.com,If you need a revised invoice for combined shipping#comma# please contact us before paying so we can adjust the shipping costs.,,,,Flat,6.875,MN,1,0,55406,FedExHomeDelivery,12,1,10,1,4QB953NBLS065,ReturnsAccepted,MoneyBackOrExchange,Days_14,Buyer,Please contact us before returning any item. Items listed AS-IS or For Parts/Repair are not covered by our return policy.  We offer 14 days to return item after receiving it. If item is defective we will supply return shipping label. Item must be returned in original packaging with all accessories included. We also charge a 15% restocking fee for cancelled transactions that are not shipped#comma# or we let it go to eBay as an unpaid bidder case.  Do Not Bid If You Do Not Intend To Follow Through!,,,,US,0,0,0,0,0,1,100,5,2,Days_30,4,1,-1,1,,,,,
580,VerifyAdd,Failure,21916519,#quote#Error - Listing is missing required item specific(s): #quote##quote#Brand#comma# Style#comma# US Shoe Size (Women's)#quote##quote#. Please provide the required item specifics.|Brand#comma# Style#comma# US Shoe Size (Women's)|62107|#quote#,,,,,,,,,,,,,,,,,,,,,,,,,,,,,,4QC278NBLS100,,,,,,,,,,,,VerifyAdd,62107,GC WM Sabrina Flower Thong Black 10                ,,<html><body>empty</body></html>,1000,,http://images.nationalgeographic.com/wpf/media-live/photos/000/687/cache/bonobo-congo-ziegler_68751_990x742.jpg,1,Auction,0.01,,3,0,55406,Gallery,1,sales@skygroupcloseouts.com,If you need a revised invoice for combined shipping#comma# please contact us before paying so we can adjust the shipping costs.,,,,Flat,6.875,MN,1,0,55406,FedExHomeDelivery,12,1,10,1,4QC278NBLS100,ReturnsAccepted,MoneyBackOrExchange,Days_14,Buyer,Please contact us before returning any item. Items listed AS-IS or For Parts/Repair are not covered by our return policy.  We offer 14 days to return item after receiving it. If item is defective we will supply return shipping label. Item must be returned in original packaging with all accessories included. We also charge a 15% restocking fee for cancelled transactions that are not shipped#comma# or we let it go to eBay as an unpaid bidder case.  Do Not Bid If You Do Not Intend To Follow Through!,,,,US,0,0,0,0,0,1,100,5,2,Days_30,4,1,-1,1,,,,,
581,VerifyAdd,Failure,21916519,#quote#Error - Listing is missing required item specific(s): #quote##quote#Brand#comma# Style#comma# US Shoe Size (Women's)#quote##quote#. Please provide the required item specifics.|Brand#comma# Style#comma# US Shoe Size (Women's)|62107|#quote#,,,,,,,,,,,,,,,,,,,,,,,,,,,,,,4PU637NBLS100,,,,,,,,,,,,VerifyAdd,62107,Skechers WM Tangled Sandal Black 10                ,,<html><body>empty</body></html>,1000,,http://images.nationalgeographic.com/wpf/media-live/photos/000/687/cache/bonobo-congo-ziegler_68751_990x742.jpg,1,Auction,0.01,,3,0,55406,Gallery,1,sales@skygroupcloseouts.com,If you need a revised invoice for combined shipping#comma# please contact us before paying so we can adjust the shipping costs.,,,,Flat,6.875,MN,1,0,55406,FedExHomeDelivery,12,1,10,1,4PU637NBLS100,ReturnsAccepted,MoneyBackOrExchange,Days_14,Buyer,Please contact us before returning any item. Items listed AS-IS or For Parts/Repair are not covered by our return policy.  We offer 14 days to return item after receiving it. If item is defective we will supply return shipping label. Item must be returned in original packaging with all accessories included. We also charge a 15% restocking fee for cancelled transactions that are not shipped#comma# or we let it go to eBay as an unpaid bidder case.  Do Not Bid If You Do Not Intend To Follow Through!,,,,US,0,0,0,0,0,1,100,5,2,Days_30,4,1,-1,1,,,,,
582,VerifyAdd,Failure,21916519,#quote#Error - Listing is missing required item specific(s): #quote##quote#Brand#comma# Style#comma# US Shoe Size (Women's)#quote##quote#. Please provide the required item specifics.|Brand#comma# Style#comma# US Shoe Size (Women's)|62107|#quote#,,,,,,,,,,,,,,,,,,,,,,,,,,,,,,4QH919NDB06TL,,,,,,,,,,,,VerifyAdd,62107,CarharttCanvasDungareeMiss2-18 Dark Brown6Tall     ,,<html><body>empty</body></html>,1000,,http://images.nationalgeographic.com/wpf/media-live/photos/000/687/cache/bonobo-congo-ziegler_68751_990x742.jpg,1,Auction,0.01,,3,0,55406,Gallery,1,sales@skygroupcloseouts.com,If you need a revised invoice for combined shipping#comma# please contact us before paying so we can adjust the shipping costs.,,,,Flat,6.875,MN,1,0,55406,FedExHomeDelivery,12,1,10,1,4QH919NDB06TL,ReturnsAccepted,MoneyBackOrExchange,Days_14,Buyer,Please contact us before returning any item. Items listed AS-IS or For Parts/Repair are not covered by our return policy.  We offer 14 days to return item after receiving it. If item is defective we will supply return shipping label. Item must be returned in original packaging with all accessories included. We also charge a 15% restocking fee for cancelled transactions that are not shipped#comma# or we let it go to eBay as an unpaid bidder case.  Do Not Bid If You Do Not Intend To Follow Through!,,,,US,0,0,0,0,0,1,100,5,2,Days_30,4,1,-1,1,,,,,
583,VerifyAdd,Failure,21916519,#quote#Error - Listing is missing required item specific(s): #quote##quote#Brand#comma# Style#comma# US Shoe Size (Women's)#quote##quote#. Please provide the required item specifics.|Brand#comma# Style#comma# US Shoe Size (Women's)|62107|#quote#,,,,,,,,,,,,,,,,,,,,,,,,,,,,,,4PW451GLEA1XL,,,,,,,,,,,,VerifyAdd,62107,AppleBot Wm Fashion Vest Top Lime 1X               ,,<html><body>empty</body></html>,1000,,http://images.nationalgeographic.com/wpf/media-live/photos/000/687/cache/bonobo-congo-ziegler_68751_990x742.jpg,1,Auction,0.01,,3,0,55406,Gallery,1,sales@skygroupcloseouts.com,If you need a revised invoice for combined shipping#comma# please contact us before paying so we can adjust the shipping costs.,,,,Flat,6.875,MN,1,0,55406,FedExHomeDelivery,12,1,10,1,4PW451GLEA1XL,ReturnsAccepted,MoneyBackOrExchange,Days_14,Buyer,Please contact us before returning any item. Items listed AS-IS or For Parts/Repair are not covered by our return policy.  We offer 14 days to return item after receiving it. If item is defective we will supply return shipping label. Item must be returned in original packaging with all accessories included. We also charge a 15% restocking fee for cancelled transactions that are not shipped#comma# or we let it go to eBay as an unpaid bidder case.  Do Not Bid If You Do Not Intend To Follow Through!,,,,US,0,0,0,0,0,1,100,5,2,Days_30,4,1,-1,1,,,,,
584,VerifyAdd,Failure,21916519,#quote#Error - Listing is missing required item specific(s): #quote##quote#Brand#comma# Style#comma# US Shoe Size (Women's)#quote##quote#. Please provide the required item specifics.|Brand#comma# Style#comma# US Shoe Size (Women's)|62107|#quote#,,,,,,,,,,,,,,,,,,,,,,,,,,,,,,4PF649REDAXLG,,,,,,,,,,,,VerifyAdd,62107,Excelled Ms Polyester Pea Coat Red X Large         ,,<html><body>empty</body></html>,1000,,http://images.nationalgeographic.com/wpf/media-live/photos/000/687/cache/bonobo-congo-ziegler_68751_990x742.jpg,1,Auction,0.01,,3,0,55406,Gallery,1,sales@skygroupcloseouts.com,If you need a revised invoice for combined shipping#comma# please contact us before paying so we can adjust the shipping costs.,,,,Flat,6.875,MN,1,0,55406,FedExHomeDelivery,12,1,10,1,4PF649REDAXLG,ReturnsAccepted,MoneyBackOrExchange,Days_14,Buyer,Please contact us before returning any item. Items listed AS-IS or For Parts/Repair are not covered by our return policy.  We offer 14 days to return item after receiving it. If item is defective we will supply return shipping label. Item must be returned in original packaging with all accessories included. We also charge a 15% restocking fee for cancelled transactions that are not shipped#comma# or we let it go to eBay as an unpaid bidder case.  Do Not Bid If You Do Not Intend To Follow Through!,,,,US,0,0,0,0,0,1,100,5,2,Days_30,4,1,-1,1,,,,,
585,VerifyAdd,Failure,21916519,#quote#Error - Listing is missing required item specific(s): #quote##quote#Brand#comma# Style#comma# US Shoe Size (Women's)#quote##quote#. Please provide the required item specifics.|Brand#comma# Style#comma# US Shoe Size (Women's)|62107|#quote#,,,,,,,,,,,,,,,,,,,,,,,,,,,,,,4PX808MSLS065,,,,,,,,,,,,VerifyAdd,62107,Carrini Studded Flower Sandal Silver 6 1/2         ,,<html><body>empty</body></html>,1000,,http://images.nationalgeographic.com/wpf/media-live/photos/000/687/cache/bonobo-congo-ziegler_68751_990x742.jpg,1,Auction,0.01,,3,0,55406,Gallery,1,sales@skygroupcloseouts.com,If you need a revised invoice for combined shipping#comma# please contact us before paying so we can adjust the shipping costs.,,,,Flat,6.875,MN,1,0,55406,FedExHomeDelivery,12,1,10,1,4PX808MSLS065,ReturnsAccepted,MoneyBackOrExchange,Days_14,Buyer,Please contact us before returning any item. Items listed AS-IS or For Parts/Repair are not covered by our return policy.  We offer 14 days to return item after receiving it. If item is defective we will supply return shipping label. Item must be returned in original packaging with all accessories included. We also charge a 15% restocking fee for cancelled transactions that are not shipped#comma# or we let it go to eBay as an unpaid bidder case.  Do Not Bid If You Do Not Intend To Follow Through!,,,,US,0,0,0,0,0,1,100,5,2,Days_30,4,1,-1,1,,,,,
586,VerifyAdd,Failure,21916519,#quote#Error - Listing is missing required item specific(s): #quote##quote#Brand#comma# Style#comma# US Shoe Size (Women's)#quote##quote#. Please provide the required item specifics.|Brand#comma# Style#comma# US Shoe Size (Women's)|62107|#quote#,,,,,,,,,,,,,,,,,,,,,,,,,,,,,,4QC279NBWS090,,,,,,,,,,,,VerifyAdd,62107,GC WM Fabulous SequinBandSlide Brown 9             ,,<html><body>empty</body></html>,1000,,http://images.nationalgeographic.com/wpf/media-live/photos/000/687/cache/bonobo-congo-ziegler_68751_990x742.jpg,1,Auction,0.01,,3,0,55406,Gallery,1,sales@skygroupcloseouts.com,If you need a revised invoice for combined shipping#comma# please contact us before paying so we can adjust the shipping costs.,,,,Flat,6.875,MN,1,0,55406,FedExHomeDelivery,12,1,10,1,4QC279NBWS090,ReturnsAccepted,MoneyBackOrExchange,Days_14,Buyer,Please contact us before returning any item. Items listed AS-IS or For Parts/Repair are not covered by our return policy.  We offer 14 days to return item after receiving it. If item is defective we will supply return shipping label. Item must be returned in original packaging with all accessories included. We also charge a 15% restocking fee for cancelled transactions that are not shipped#comma# or we let it go to eBay as an unpaid bidder case.  Do Not Bid If You Do Not Intend To Follow Through!,,,,US,0,0,0,0,0,1,100,5,2,Days_30,4,1,-1,1,,,,,
587,VerifyAdd,Failure,21916519,#quote#Error - Listing is missing required item specific(s): #quote##quote#Brand#comma# Style#comma# US Shoe Size (Women's)#quote##quote#. Please provide the required item specifics.|Brand#comma# Style#comma# US Shoe Size (Women's)|62107|#quote#,,,,,,,,,,,,,,,,,,,,,,,,,,,,,,4PX818GTLS070,,,,,,,,,,,,VerifyAdd,62107,MA Delton Flat Sandal Teal 7                       ,,<html><body>empty</body></html>,1000,,http://images.nationalgeographic.com/wpf/media-live/photos/000/687/cache/bonobo-congo-ziegler_68751_990x742.jpg,1,Auction,0.01,,3,0,55406,Gallery,1,sales@skygroupcloseouts.com,If you need a revised invoice for combined shipping#comma# please contact us before paying so we can adjust the shipping costs.,,,,Flat,6.875,MN,1,0,55406,FedExHomeDelivery,12,1,10,1,4PX818GTLS070,ReturnsAccepted,MoneyBackOrExchange,Days_14,Buyer,Please contact us before returning any item. Items listed AS-IS or For Parts/Repair are not covered by our return policy.  We offer 14 days to return item after receiving it. If item is defective we will supply return shipping label. Item must be returned in original packaging with all accessories included. We also charge a 15% restocking fee for cancelled transactions that are not shipped#comma# or we let it go to eBay as an unpaid bidder case.  Do Not Bid If You Do Not Intend To Follow Through!,,,,US,0,0,0,0,0,1,100,5,2,Days_30,4,1,-1,1,,,,,
588,VerifyAdd,Failure,21916519,#quote#Error - Listing is missing required item specific(s): #quote##quote#Brand#comma# Style#comma# US Shoe Size (Women's)#quote##quote#. Please provide the required item specifics.|Brand#comma# Style#comma# US Shoe Size (Women's)|62107|#quote#,,,,,,,,,,,,,,,,,,,,,,,,,,,,,,4QC278NBLS085,,,,,,,,,,,,VerifyAdd,62107,GC WM Sabrina Flower Thong Black 8 1/2             ,,<html><body>empty</body></html>,1000,,http://images.nationalgeographic.com/wpf/media-live/photos/000/687/cache/bonobo-congo-ziegler_68751_990x742.jpg,1,Auction,0.01,,3,0,55406,Gallery,1,sales@skygroupcloseouts.com,If you need a revised invoice for combined shipping#comma# please contact us before paying so we can adjust the shipping costs.,,,,Flat,6.875,MN,1,0,55406,FedExHomeDelivery,12,1,10,1,4QC278NBLS085,ReturnsAccepted,MoneyBackOrExchange,Days_14,Buyer,Please contact us before returning any item. Items listed AS-IS or For Parts/Repair are not covered by our return policy.  We offer 14 days to return item after receiving it. If item is defective we will supply return shipping label. Item must be returned in original packaging with all accessories included. We also charge a 15% restocking fee for cancelled transactions that are not shipped#comma# or we let it go to eBay as an unpaid bidder case.  Do Not Bid If You Do Not Intend To Follow Through!,,,,US,0,0,0,0,0,1,100,5,2,Days_30,4,1,-1,1,,,,,
589,VerifyAdd,Failure,21916519,#quote#Error - Listing is missing required item specific(s): #quote##quote#Brand#comma# Style#comma# US Shoe Size (Women's)#quote##quote#. Please provide the required item specifics.|Brand#comma# Style#comma# US Shoe Size (Women's)|62107|#quote#,,,,,,,,,,,,,,,,,,,,,,,,,,,,,,4PZ459NTNS100,,,,,,,,,,,,VerifyAdd,62107,GC WM Indie Fringed bead sandal Tan 10             ,,<html><body>empty</body></html>,1000,,http://images.nationalgeographic.com/wpf/media-live/photos/000/687/cache/bonobo-congo-ziegler_68751_990x742.jpg,1,Auction,0.01,,3,0,55406,Gallery,1,sales@skygroupcloseouts.com,If you need a revised invoice for combined shipping#comma# please contact us before paying so we can adjust the shipping costs.,,,,Flat,6.875,MN,1,0,55406,FedExHomeDelivery,12,1,10,1,4PZ459NTNS100,ReturnsAccepted,MoneyBackOrExchange,Days_14,Buyer,Please contact us before returning any item. Items listed AS-IS or For Parts/Repair are not covered by our return policy.  We offer 14 days to return item after receiving it. If item is defective we will supply return shipping label. Item must be returned in original packaging with all accessories included. We also charge a 15% restocking fee for cancelled transactions that are not shipped#comma# or we let it go to eBay as an unpaid bidder case.  Do Not Bid If You Do Not Intend To Follow Through!,,,,US,0,0,0,0,0,1,100,5,2,Days_30,4,1,-1,1,,,,,
590,VerifyAdd,Failure,21916519,#quote#Error - Listing is missing required item specific(s): #quote##quote#Brand#comma# Style#comma# US Shoe Size (Women's)#quote##quote#. Please provide the required item specifics.|Brand#comma# Style#comma# US Shoe Size (Women's)|62107|#quote#,,,,,,,,,,,,,,,,,,,,,,,,,,,,,,4NU002NBLS080,,,,,,,,,,,,VerifyAdd,62107,Bearpaw WM Emma10#quote# Boot Black 8                    ,,<html><body>empty</body></html>,1000,,http://images.nationalgeographic.com/wpf/media-live/photos/000/687/cache/bonobo-congo-ziegler_68751_990x742.jpg,1,Auction,0.01,,3,0,55406,Gallery,1,sales@skygroupcloseouts.com,If you need a revised invoice for combined shipping#comma# please contact us before paying so we can adjust the shipping costs.,,,,Flat,6.875,MN,1,0,55406,FedExHomeDelivery,12,1,10,1,4NU002NBLS080,ReturnsAccepted,MoneyBackOrExchange,Days_14,Buyer,Please contact us before returning any item. Items listed AS-IS or For Parts/Repair are not covered by our return policy.  We offer 14 days to return item after receiving it. If item is defective we will supply return shipping label. Item must be returned in original packaging with all accessories included. We also charge a 15% restocking fee for cancelled transactions that are not shipped#comma# or we let it go to eBay as an unpaid bidder case.  Do Not Bid If You Do Not Intend To Follow Through!,,,,US,0,0,0,0,0,1,100,5,2,Days_30,4,1,-1,1,,,,,
591,VerifyAdd,Failure,21916519,#quote#Error - Listing is missing required item specific(s): #quote##quote#Brand#comma# Style#comma# US Shoe Size (Women's)#quote##quote#. Please provide the required item specifics.|Brand#comma# Style#comma# US Shoe Size (Women's)|62107|#quote#,,,,,,,,,,,,,,,,,,,,,,,,,,,,,,4PX620NCAS070,,,,,,,,,,,,VerifyAdd,62107,Bucco Yalena Fringe Sandal Camel 7                 ,,<html><body>empty</body></html>,1000,,http://images.nationalgeographic.com/wpf/media-live/photos/000/687/cache/bonobo-congo-ziegler_68751_990x742.jpg,1,Auction,0.01,,3,0,55406,Gallery,1,sales@skygroupcloseouts.com,If you need a revised invoice for combined shipping#comma# please contact us before paying so we can adjust the shipping costs.,,,,Flat,6.875,MN,1,0,55406,FedExHomeDelivery,12,1,10,1,4PX620NCAS070,ReturnsAccepted,MoneyBackOrExchange,Days_14,Buyer,Please contact us before returning any item. Items listed AS-IS or For Parts/Repair are not covered by our return policy.  We offer 14 days to return item after receiving it. If item is defective we will supply return shipping label. Item must be returned in original packaging with all accessories included. We also charge a 15% restocking fee for cancelled transactions that are not shipped#comma# or we let it go to eBay as an unpaid bidder case.  Do Not Bid If You Do Not Intend To Follow Through!,,,,US,0,0,0,0,0,1,100,5,2,Days_30,4,1,-1,1,,,,,
592,VerifyAdd,Failure,21916519,#quote#Error - Listing is missing required item specific(s): #quote##quote#Brand#comma# Style#comma# US Shoe Size (Women's)#quote##quote#. Please provide the required item specifics.|Brand#comma# Style#comma# US Shoe Size (Women's)|62107|#quote#,,,,,,,,,,,,,,,,,,,,,,,,,,,,,,4PX807NBLS090,,,,,,,,,,,,VerifyAdd,62107,Carrini WM Studded Gladiator Black 9               ,,<html><body>empty</body></html>,1000,,http://images.nationalgeographic.com/wpf/media-live/photos/000/687/cache/bonobo-congo-ziegler_68751_990x742.jpg,1,Auction,0.01,,3,0,55406,Gallery,1,sales@skygroupcloseouts.com,If you need a revised invoice for combined shipping#comma# please contact us before paying so we can adjust the shipping costs.,,,,Flat,6.875,MN,1,0,55406,FedExHomeDelivery,12,1,10,1,4PX807NBLS090,ReturnsAccepted,MoneyBackOrExchange,Days_14,Buyer,Please contact us before returning any item. Items listed AS-IS or For Parts/Repair are not covered by our return policy.  We offer 14 days to return item after receiving it. If item is defective we will supply return shipping label. Item must be returned in original packaging with all accessories included. We also charge a 15% restocking fee for cancelled transactions that are not shipped#comma# or we let it go to eBay as an unpaid bidder case.  Do Not Bid If You Do Not Intend To Follow Through!,,,,US,0,0,0,0,0,1,100,5,2,Days_30,4,1,-1,1,,,,,
593,VerifyAdd,Failure,21916519,#quote#Error - Listing is missing required item specific(s): #quote##quote#Brand#comma# Style#comma# US Shoe Size (Women's)#quote##quote#. Please provide the required item specifics.|Brand#comma# Style#comma# US Shoe Size (Women's)|62107|#quote#,,,,,,,,,,,,,,,,,,,,,,,,,,,,,,4PU498NBLS080,,,,,,,,,,,,VerifyAdd,62107,Skechers WM Color Pop Sandal Black 8               ,,<html><body>empty</body></html>,1000,,http://images.nationalgeographic.com/wpf/media-live/photos/000/687/cache/bonobo-congo-ziegler_68751_990x742.jpg,1,Auction,0.01,,3,0,55406,Gallery,1,sales@skygroupcloseouts.com,If you need a revised invoice for combined shipping#comma# please contact us before paying so we can adjust the shipping costs.,,,,Flat,6.875,MN,1,0,55406,FedExHomeDelivery,12,1,10,1,4PU498NBLS080,ReturnsAccepted,MoneyBackOrExchange,Days_14,Buyer,Please contact us before returning any item. Items listed AS-IS or For Parts/Repair are not covered by our return policy.  We offer 14 days to return item after receiving it. If item is defective we will supply return shipping label. Item must be returned in original packaging with all accessories included. We also charge a 15% restocking fee for cancelled transactions that are not shipped#comma# or we let it go to eBay as an unpaid bidder case.  Do Not Bid If You Do Not Intend To Follow Through!,,,,US,0,0,0,0,0,1,100,5,2,Days_30,4,1,-1,1,,,,,
599,VerifyAdd,Failure,21916519,#quote#Error - Listing is missing required item specific(s): #quote##quote#Brand#comma# Style#quote##quote#. Please provide the required item specifics.|Brand#comma# Style|63852|#quote#,,,,,,,,,,,,,,,,,,,,,,,,,,,,,,4PX085PFL0010,,,,,,,,,,,,VerifyAdd,63852,Relic Avondale Zip Mini Floral Print               ,,<html><body>empty</body></html>,1000,,http://images.nationalgeographic.com/wpf/media-live/photos/000/687/cache/bonobo-congo-ziegler_68751_990x742.jpg,1,Auction,0.01,,3,0,55406,Gallery,1,sales@skygroupcloseouts.com,If you need a revised invoice for combined shipping#comma# please contact us before paying so we can adjust the shipping costs.,,,,Flat,6.875,MN,1,0,55406,FedExHomeDelivery,12,1,10,1,4PX085PFL0010,ReturnsAccepted,MoneyBackOrExchange,Days_14,Buyer,Please contact us before returning any item. Items listed AS-IS or For Parts/Repair are not covered by our return policy.  We offer 14 days to return item after receiving it. If item is defective we will supply return shipping label. Item must be returned in original packaging with all accessories included. We also charge a 15% restocking fee for cancelled transactions that are not shipped#comma# or we let it go to eBay as an unpaid bidder case.  Do Not Bid If You Do Not Intend To Follow Through!,,,,US,0,0,0,0,0,1,100,5,2,Days_30,4,1,-1,1,,,,,
600,VerifyAdd,Failure,21916519,#quote#Error - Listing is missing required item specific(s): #quote##quote#Brand#comma# Style#quote##quote#. Please provide the required item specifics.|Brand#comma# Style|63852|#quote#,,,,,,,,,,,,,,,,,,,,,,,,,,,,,,4QA582ORG0010,,,,,,,,,,,,VerifyAdd,63852,Jessica Simpson Madison Satchel Orange             ,,<html><body>empty</body></html>,1000,,http://images.nationalgeographic.com/wpf/media-live/photos/000/687/cache/bonobo-congo-ziegler_68751_990x742.jpg,1,Auction,0.01,,3,0,55406,Gallery,1,sales@skygroupcloseouts.com,If you need a revised invoice for combined shipping#comma# please contact us before paying so we can adjust the shipping costs.,,,,Flat,6.875,MN,1,0,55406,FedExHomeDelivery,12,1,10,1,4QA582ORG0010,ReturnsAccepted,MoneyBackOrExchange,Days_14,Buyer,Please contact us before returning any item. Items listed AS-IS or For Parts/Repair are not covered by our return policy.  We offer 14 days to return item after receiving it. If item is defective we will supply return shipping label. Item must be returned in original packaging with all accessories included. We also charge a 15% restocking fee for cancelled transactions that are not shipped#comma# or we let it go to eBay as an unpaid bidder case.  Do Not Bid If You Do Not Intend To Follow Through!,,,,US,0,0,0,0,0,1,100,5,2,Days_30,4,1,-1,1,,,,,
601,VerifyAdd,Failure,21916519,#quote#Error - Listing is missing required item specific(s): #quote##quote#Brand#comma# Style#quote##quote#. Please provide the required item specifics.|Brand#comma# Style|63852|#quote#,,,,,,,,,,,,,,,,,,,,,,,,,,,,,,4PX458CHIM012,,,,,,,,,,,,VerifyAdd,63852,Lee Misses Wilson RollUp Capri Chai 12             ,,<html><body>empty</body></html>,1000,,http://images.nationalgeographic.com/wpf/media-live/photos/000/687/cache/bonobo-congo-ziegler_68751_990x742.jpg,1,Auction,0.01,,3,0,55406,Gallery,1,sales@skygroupcloseouts.com,If you need a revised invoice for combined shipping#comma# please contact us before paying so we can adjust the shipping costs.,,,,Flat,6.875,MN,1,0,55406,FedExHomeDelivery,12,1,10,1,4PX458CHIM012,ReturnsAccepted,MoneyBackOrExchange,Days_14,Buyer,Please contact us before returning any item. Items listed AS-IS or For Parts/Repair are not covered by our return policy.  We offer 14 days to return item after receiving it. If item is defective we will supply return shipping label. Item must be returned in original packaging with all accessories included. We also charge a 15% restocking fee for cancelled transactions that are not shipped#comma# or we let it go to eBay as an unpaid bidder case.  Do Not Bid If You Do Not Intend To Follow Through!,,,,US,0,0,0,0,0,1,100,5,2,Days_30,4,1,-1,1,,,,,
602,VerifyAdd,Failure,21916519,#quote#Error - Listing is missing required item specific(s): #quote##quote#Brand#comma# Style#quote##quote#. Please provide the required item specifics.|Brand#comma# Style|63852|#quote#,,,,,,,,,,,,,,,,,,,,,,,,,,,,,,4NV962NBLS100,,,,,,,,,,,,VerifyAdd,63852,Carrini WM Faux Suede Boot Black 10                ,,<html><body>empty</body></html>,1000,,http://images.nationalgeographic.com/wpf/media-live/photos/000/687/cache/bonobo-congo-ziegler_68751_990x742.jpg,1,Auction,0.01,,3,0,55406,Gallery,1,sales@skygroupcloseouts.com,If you need a revised invoice for combined shipping#comma# please contact us before paying so we can adjust the shipping costs.,,,,Flat,6.875,MN,1,0,55406,FedExHomeDelivery,12,1,10,1,4NV962NBLS100,ReturnsAccepted,MoneyBackOrExchange,Days_14,Buyer,Please contact us before returning any item. Items listed AS-IS or For Parts/Repair are not covered by our return policy.  We offer 14 days to return item after receiving it. If item is defective we will supply return shipping label. Item must be returned in original packaging with all accessories included. We also charge a 15% restocking fee for cancelled transactions that are not shipped#comma# or we let it go to eBay as an unpaid bidder case.  Do Not Bid If You Do Not Intend To Follow Through!,,,,US,0,0,0,0,0,1,100,5,2,Days_30,4,1,-1,1,,,,,
603,VerifyAdd,Failure,21916519,#quote#Error - Listing is missing required item specific(s): #quote##quote#Brand#comma# Style#quote##quote#. Please provide the required item specifics.|Brand#comma# Style|63852|#quote#,,,,,,,,,,,,,,,,,,,,,,,,,,,,,,4PZ853GRNA2XL,,,,,,,,,,,,VerifyAdd,63852,Company B Wm Tye Dye Top Green 2 XL                ,,<html><body>empty</body></html>,1000,,http://images.nationalgeographic.com/wpf/media-live/photos/000/687/cache/bonobo-congo-ziegler_68751_990x742.jpg,1,Auction,0.01,,3,0,55406,Gallery,1,sales@skygroupcloseouts.com,If you need a revised invoice for combined shipping#comma# please contact us before paying so we can adjust the shipping costs.,,,,Flat,6.875,MN,1,0,55406,FedExHomeDelivery,12,1,10,1,4PZ853GRNA2XL,ReturnsAccepted,MoneyBackOrExchange,Days_14,Buyer,Please contact us before returning any item. Items listed AS-IS or For Parts/Repair are not covered by our return policy.  We offer 14 days to return item after receiving it. If item is defective we will supply return shipping label. Item must be returned in original packaging with all accessories included. We also charge a 15% restocking fee for cancelled transactions that are not shipped#comma# or we let it go to eBay as an unpaid bidder case.  Do Not Bid If You Do Not Intend To Follow Through!,,,,US,0,0,0,0,0,1,100,5,2,Days_30,4,1,-1,1,,,,,
604,VerifyAdd,Failure,21916519,#quote#Error - Listing is missing required item specific(s): #quote##quote#Brand#comma# Style#quote##quote#. Please provide the required item specifics.|Brand#comma# Style|63852|#quote#,,,,,,,,,,,,,,,,,,,,,,,,,,,,,,4PX662NTP0010,,,,,,,,,,,,VerifyAdd,63852,Relic Montclare Pble Zip Chkbk Taupe               ,,<html><body>empty</body></html>,1000,,http://images.nationalgeographic.com/wpf/media-live/photos/000/687/cache/bonobo-congo-ziegler_68751_990x742.jpg,1,Auction,0.01,,3,0,55406,Gallery,1,sales@skygroupcloseouts.com,If you need a revised invoice for combined shipping#comma# please contact us before paying so we can adjust the shipping costs.,,,,Flat,6.875,MN,1,0,55406,FedExHomeDelivery,12,1,10,1,4PX662NTP0010,ReturnsAccepted,MoneyBackOrExchange,Days_14,Buyer,Please contact us before returning any item. Items listed AS-IS or For Parts/Repair are not covered by our return policy.  We offer 14 days to return item after receiving it. If item is defective we will supply return shipping label. Item must be returned in original packaging with all accessories included. We also charge a 15% restocking fee for cancelled transactions that are not shipped#comma# or we let it go to eBay as an unpaid bidder case.  Do Not Bid If You Do Not Intend To Follow Through!,,,,US,0,0,0,0,0,1,100,5,2,Days_30,4,1,-1,1,,,,,
605,VerifyAdd,Failure,21916519,#quote#Error - Listing is missing required item specific(s): #quote##quote#Brand#comma# Style#quote##quote#. Please provide the required item specifics.|Brand#comma# Style|63852|#quote#,,,,,,,,,,,,,,,,,,,,,,,,,,,,,,4PY800BLU0010,,,,,,,,,,,,VerifyAdd,63852,Relic Vicky Checkbook Blue                         ,,<html><body>empty</body></html>,1000,,http://images.nationalgeographic.com/wpf/media-live/photos/000/687/cache/bonobo-congo-ziegler_68751_990x742.jpg,1,Auction,0.01,,3,0,55406,Gallery,1,sales@skygroupcloseouts.com,If you need a revised invoice for combined shipping#comma# please contact us before paying so we can adjust the shipping costs.,,,,Flat,6.875,MN,1,0,55406,FedExHomeDelivery,12,1,10,1,4PY800BLU0010,ReturnsAccepted,MoneyBackOrExchange,Days_14,Buyer,Please contact us before returning any item. Items listed AS-IS or For Parts/Repair are not covered by our return policy.  We offer 14 days to return item after receiving it. If item is defective we will supply return shipping label. Item must be returned in original packaging with all accessories included. We also charge a 15% restocking fee for cancelled transactions that are not shipped#comma# or we let it go to eBay as an unpaid bidder case.  Do Not Bid If You Do Not Intend To Follow Through!,,,,US,0,0,0,0,0,1,100,5,2,Days_30,4,1,-1,1,,,,,
606,VerifyAdd,Failure,21916519,#quote#Error - Listing is missing required item specific(s): #quote##quote#Brand#comma# Style#quote##quote#. Please provide the required item specifics.|Brand#comma# Style|63852|#quote#,,,,,,,,,,,,,,,,,,,,,,,,,,,,,,4PY792NBH0010,,,,,,,,,,,,VerifyAdd,63852,Relic Norwood Bucket Black/White                   ,,<html><body>empty</body></html>,1000,,http://images.nationalgeographic.com/wpf/media-live/photos/000/687/cache/bonobo-congo-ziegler_68751_990x742.jpg,1,Auction,0.01,,3,0,55406,Gallery,1,sales@skygroupcloseouts.com,If you need a revised invoice for combined shipping#comma# please contact us before paying so we can adjust the shipping costs.,,,,Flat,6.875,MN,1,0,55406,FedExHomeDelivery,12,1,10,1,4PY792NBH0010,ReturnsAccepted,MoneyBackOrExchange,Days_14,Buyer,Please contact us before returning any item. Items listed AS-IS or For Parts/Repair are not covered by our return policy.  We offer 14 days to return item after receiving it. If item is defective we will supply return shipping label. Item must be returned in original packaging with all accessories included. We also charge a 15% restocking fee for cancelled transactions that are not shipped#comma# or we let it go to eBay as an unpaid bidder case.  Do Not Bid If You Do Not Intend To Follow Through!,,,,US,0,0,0,0,0,1,100,5,2,Days_30,4,1,-1,1,,,,,
607,VerifyAdd,Failure,21916519,#quote#Error - Listing is missing required item specific(s): #quote##quote#Brand#comma# Style#quote##quote#. Please provide the required item specifics.|Brand#comma# Style|63852|#quote#,,,,,,,,,,,,,,,,,,,,,,,,,,,,,,4PX652PFL0010,,,,,,,,,,,,VerifyAdd,63852,Relic Auburn Hobo Floral Print                     ,,<html><body>empty</body></html>,1000,,http://images.nationalgeographic.com/wpf/media-live/photos/000/687/cache/bonobo-congo-ziegler_68751_990x742.jpg,1,Auction,0.01,,3,0,55406,Gallery,1,sales@skygroupcloseouts.com,If you need a revised invoice for combined shipping#comma# please contact us before paying so we can adjust the shipping costs.,,,,Flat,6.875,MN,1,0,55406,FedExHomeDelivery,12,1,10,1,4PX652PFL0010,ReturnsAccepted,MoneyBackOrExchange,Days_14,Buyer,Please contact us before returning any item. Items listed AS-IS or For Parts/Repair are not covered by our return policy.  We offer 14 days to return item after receiving it. If item is defective we will supply return shipping label. Item must be returned in original packaging with all accessories included. We also charge a 15% restocking fee for cancelled transactions that are not shipped#comma# or we let it go to eBay as an unpaid bidder case.  Do Not Bid If You Do Not Intend To Follow Through!,,,,US,0,0,0,0,0,1,100,5,2,Days_30,4,1,-1,1,,,,,
608,VerifyAdd,Failure,21916519,#quote#Error - Listing is missing required item specific(s): #quote##quote#Brand#comma# Style#quote##quote#. Please provide the required item specifics.|Brand#comma# Style|63852|#quote#,,,,,,,,,,,,,,,,,,,,,,,,,,,,,,4PY792NBN0010,,,,,,,,,,,,VerifyAdd,63852,Relic Norwood Bucket Bone                          ,,<html><body>empty</body></html>,1000,,http://images.nationalgeographic.com/wpf/media-live/photos/000/687/cache/bonobo-congo-ziegler_68751_990x742.jpg,1,Auction,0.01,,3,0,55406,Gallery,1,sales@skygroupcloseouts.com,If you need a revised invoice for combined shipping#comma# please contact us before paying so we can adjust the shipping costs.,,,,Flat,6.875,MN,1,0,55406,FedExHomeDelivery,12,1,10,1,4PY792NBN0010,ReturnsAccepted,MoneyBackOrExchange,Days_14,Buyer,Please contact us before returning any item. Items listed AS-IS or For Parts/Repair are not covered by our return policy.  We offer 14 days to return item after receiving it. If item is defective we will supply return shipping label. Item must be returned in original packaging with all accessories included. We also charge a 15% restocking fee for cancelled transactions that are not shipped#comma# or we let it go to eBay as an unpaid bidder case.  Do Not Bid If You Do Not Intend To Follow Through!,,,,US,0,0,0,0,0,1,100,5,2,Days_30,4,1,-1,1,,,,,
609,VerifyAdd,Failure,21916519,#quote#Error - Listing is missing required item specific(s): #quote##quote#Brand#comma# Style#quote##quote#. Please provide the required item specifics.|Brand#comma# Style|63852|#quote#,,,,,,,,,,,,,,,,,,,,,,,,,,,,,,4PY667NBH0010,,,,,,,,,,,,VerifyAdd,63852,Relic Norwood N/S Tote Black/White                 ,,<html><body>empty</body></html>,1000,,http://images.nationalgeographic.com/wpf/media-live/photos/000/687/cache/bonobo-congo-ziegler_68751_990x742.jpg,1,Auction,0.01,,3,0,55406,Gallery,1,sales@skygroupcloseouts.com,If you need a revised invoice for combined shipping#comma# please contact us before paying so we can adjust the shipping costs.,,,,Flat,6.875,MN,1,0,55406,FedExHomeDelivery,12,1,10,1,4PY667NBH0010,ReturnsAccepted,MoneyBackOrExchange,Days_14,Buyer,Please contact us before returning any item. Items listed AS-IS or For Parts/Repair are not covered by our return policy.  We offer 14 days to return item after receiving it. If item is defective we will supply return shipping label. Item must be returned in original packaging with all accessories included. We also charge a 15% restocking fee for cancelled transactions that are not shipped#comma# or we let it go to eBay as an unpaid bidder case.  Do Not Bid If You Do Not Intend To Follow Through!,,,,US,0,0,0,0,0,1,100,5,2,Days_30,4,1,-1,1,,,,,
610,VerifyAdd,Failure,21916519,#quote#Error - Listing is missing required item specific(s): #quote##quote#Brand#comma# Style#quote##quote#. Please provide the required item specifics.|Brand#comma# Style|63852|#quote#,,,,,,,,,,,,,,,,,,,,,,,,,,,,,,4PY795NLU0010,,,,,,,,,,,,VerifyAdd,63852,Relic Norwood Checkbook Luggage                    ,,<html><body>empty</body></html>,1000,,http://images.nationalgeographic.com/wpf/media-live/photos/000/687/cache/bonobo-congo-ziegler_68751_990x742.jpg,1,Auction,0.01,,3,0,55406,Gallery,1,sales@skygroupcloseouts.com,If you need a revised invoice for combined shipping#comma# please contact us before paying so we can adjust the shipping costs.,,,,Flat,6.875,MN,1,0,55406,FedExHomeDelivery,12,1,10,1,4PY795NLU0010,ReturnsAccepted,MoneyBackOrExchange,Days_14,Buyer,Please contact us before returning any item. Items listed AS-IS or For Parts/Repair are not covered by our return policy.  We offer 14 days to return item after receiving it. If item is defective we will supply return shipping label. Item must be returned in original packaging with all accessories included. We also charge a 15% restocking fee for cancelled transactions that are not shipped#comma# or we let it go to eBay as an unpaid bidder case.  Do Not Bid If You Do Not Intend To Follow Through!,,,,US,0,0,0,0,0,1,100,5,2,Days_30,4,1,-1,1,,,,,
611,VerifyAdd,Failure,21916519,#quote#Error - Listing is missing required item specific(s): #quote##quote#Brand#comma# Style#quote##quote#. Please provide the required item specifics.|Brand#comma# Style|63852|#quote#,,,,,,,,,,,,,,,,,,,,,,,,,,,,,,4QB729GRN0010,,,,,,,,,,,,VerifyAdd,63852,Relic Erica Flap Crossbody Green                   ,,<html><body>empty</body></html>,1000,,http://images.nationalgeographic.com/wpf/media-live/photos/000/687/cache/bonobo-congo-ziegler_68751_990x742.jpg,1,Auction,0.01,,3,0,55406,Gallery,1,sales@skygroupcloseouts.com,If you need a revised invoice for combined shipping#comma# please contact us before paying so we can adjust the shipping costs.,,,,Flat,6.875,MN,1,0,55406,FedExHomeDelivery,12,1,10,1,4QB729GRN0010,ReturnsAccepted,MoneyBackOrExchange,Days_14,Buyer,Please contact us before returning any item. Items listed AS-IS or For Parts/Repair are not covered by our return policy.  We offer 14 days to return item after receiving it. If item is defective we will supply return shipping label. Item must be returned in original packaging with all accessories included. We also charge a 15% restocking fee for cancelled transactions that are not shipped#comma# or we let it go to eBay as an unpaid bidder case.  Do Not Bid If You Do Not Intend To Follow Through!,,,,US,0,0,0,0,0,1,100,5,2,Days_30,4,1,-1,1,,,,,
612,VerifyAdd,Failure,21916519,#quote#Error - Listing is missing required item specific(s): #quote##quote#Brand#comma# Style#quote##quote#. Please provide the required item specifics.|Brand#comma# Style|63852|#quote#,,,,,,,,,,,,,,,,,,,,,,,,,,,,,,4PY667NLU0010,,,,,,,,,,,,VerifyAdd,63852,Relic Norwood N/S Tote Luggage                     ,,<html><body>empty</body></html>,1000,,http://images.nationalgeographic.com/wpf/media-live/photos/000/687/cache/bonobo-congo-ziegler_68751_990x742.jpg,1,Auction,0.01,,3,0,55406,Gallery,1,sales@skygroupcloseouts.com,If you need a revised invoice for combined shipping#comma# please contact us before paying so we can adjust the shipping costs.,,,,Flat,6.875,MN,1,0,55406,FedExHomeDelivery,12,1,10,1,4PY667NLU0010,ReturnsAccepted,MoneyBackOrExchange,Days_14,Buyer,Please contact us before returning any item. Items listed AS-IS or For Parts/Repair are not covered by our return policy.  We offer 14 days to return item after receiving it. If item is defective we will supply return shipping label. Item must be returned in original packaging with all accessories included. We also charge a 15% restocking fee for cancelled transactions that are not shipped#comma# or we let it go to eBay as an unpaid bidder case.  Do Not Bid If You Do Not Intend To Follow Through!,,,,US,0,0,0,0,0,1,100,5,2,Days_30,4,1,-1,1,,,,,
613,VerifyAdd,Failure,21916519,#quote#Error - Listing is missing required item specific(s): #quote##quote#Brand#comma# Style#quote##quote#. Please provide the required item specifics.|Brand#comma# Style|63852|#quote#,,,,,,,,,,,,,,,,,,,,,,,,,,,,,,4F0864VLC0010,,,,,,,,,,,,VerifyAdd,63852,MyH SldMicrofr 84x84WindBag-Lilac                  ,,<html><body>empty</body></html>,1000,,http://images.nationalgeographic.com/wpf/media-live/photos/000/687/cache/bonobo-congo-ziegler_68751_990x742.jpg,1,Auction,0.01,,3,0,55406,Gallery,1,sales@skygroupcloseouts.com,If you need a revised invoice for combined shipping#comma# please contact us before paying so we can adjust the shipping costs.,,,,Flat,6.875,MN,1,0,55406,FedExHomeDelivery,12,1,10,1,4F0864VLC0010,ReturnsAccepted,MoneyBackOrExchange,Days_14,Buyer,Please contact us before returning any item. Items listed AS-IS or For Parts/Repair are not covered by our return policy.  We offer 14 days to return item after receiving it. If item is defective we will supply return shipping label. Item must be returned in original packaging with all accessories included. We also charge a 15% restocking fee for cancelled transactions that are not shipped#comma# or we let it go to eBay as an unpaid bidder case.  Do Not Bid If You Do Not Intend To Follow Through!,,,,US,0,0,0,0,0,1,100,5,2,Days_30,4,1,-1,1,,,,,
614,VerifyAdd,Failure,21916519,#quote#Error - Listing is missing required item specific(s): #quote##quote#Brand#comma# Style#quote##quote#. Please provide the required item specifics.|Brand#comma# Style|63852|#quote#,,,,,,,,,,,,,,,,,,,,,,,,,,,,,,4PZ182REDS070,,,,,,,,,,,,VerifyAdd,63852,Nautica Wm Largo Thong Sandal Red 7                ,,<html><body>empty</body></html>,1000,,http://images.nationalgeographic.com/wpf/media-live/photos/000/687/cache/bonobo-congo-ziegler_68751_990x742.jpg,1,Auction,0.01,,3,0,55406,Gallery,1,sales@skygroupcloseouts.com,If you need a revised invoice for combined shipping#comma# please contact us before paying so we can adjust the shipping costs.,,,,Flat,6.875,MN,1,0,55406,FedExHomeDelivery,12,1,10,1,4PZ182REDS070,ReturnsAccepted,MoneyBackOrExchange,Days_14,Buyer,Please contact us before returning any item. Items listed AS-IS or For Parts/Repair are not covered by our return policy.  We offer 14 days to return item after receiving it. If item is defective we will supply return shipping label. Item must be returned in original packaging with all accessories included. We also charge a 15% restocking fee for cancelled transactions that are not shipped#comma# or we let it go to eBay as an unpaid bidder case.  Do Not Bid If You Do Not Intend To Follow Through!,,,,US,0,0,0,0,0,1,100,5,2,Days_30,4,1,-1,1,,,,,
615,VerifyAdd,Failure,21916519,#quote#Error - Listing is missing required item specific(s): #quote##quote#Brand#comma# Style#quote##quote#. Please provide the required item specifics.|Brand#comma# Style|63852|#quote#,,,,,,,,,,,,,,,,,,,,,,,,,,,,,,4PF650NBLA3XL,,,,,,,,,,,,VerifyAdd,63852,Excelled Wm Polyester Pea Coat Black 3 XL          ,,<html><body>empty</body></html>,1000,,http://images.nationalgeographic.com/wpf/media-live/photos/000/687/cache/bonobo-congo-ziegler_68751_990x742.jpg,1,Auction,0.01,,3,0,55406,Gallery,1,sales@skygroupcloseouts.com,If you need a revised invoice for combined shipping#comma# please contact us before paying so we can adjust the shipping costs.,,,,Flat,6.875,MN,1,0,55406,FedExHomeDelivery,12,1,10,1,4PF650NBLA3XL,ReturnsAccepted,MoneyBackOrExchange,Days_14,Buyer,Please contact us before returning any item. Items listed AS-IS or For Parts/Repair are not covered by our return policy.  We offer 14 days to return item after receiving it. If item is defective we will supply return shipping label. Item must be returned in original packaging with all accessories included. We also charge a 15% restocking fee for cancelled transactions that are not shipped#comma# or we let it go to eBay as an unpaid bidder case.  Do Not Bid If You Do Not Intend To Follow Through!,,,,US,0,0,0,0,0,1,100,5,2,Days_30,4,1,-1,1,,,,,
616,VerifyAdd,Failure,21916519,#quote#Error - Listing is missing required item specific(s): #quote##quote#Brand#comma# Style#quote##quote#. Please provide the required item specifics.|Brand#comma# Style|63852|#quote#,,,,,,,,,,,,,,,,,,,,,,,,,,,,,,4PY647ORG0010,,,,,,,,,,,,VerifyAdd,63852,Relic Auburn Ring Satchel Orange                   ,,<html><body>empty</body></html>,1000,,http://images.nationalgeographic.com/wpf/media-live/photos/000/687/cache/bonobo-congo-ziegler_68751_990x742.jpg,1,Auction,0.01,,3,0,55406,Gallery,1,sales@skygroupcloseouts.com,If you need a revised invoice for combined shipping#comma# please contact us before paying so we can adjust the shipping costs.,,,,Flat,6.875,MN,1,0,55406,FedExHomeDelivery,12,1,10,1,4PY647ORG0010,ReturnsAccepted,MoneyBackOrExchange,Days_14,Buyer,Please contact us before returning any item. Items listed AS-IS or For Parts/Repair are not covered by our return policy.  We offer 14 days to return item after receiving it. If item is defective we will supply return shipping label. Item must be returned in original packaging with all accessories included. We also charge a 15% restocking fee for cancelled transactions that are not shipped#comma# or we let it go to eBay as an unpaid bidder case.  Do Not Bid If You Do Not Intend To Follow Through!,,,,US,0,0,0,0,0,1,100,5,2,Days_30,4,1,-1,1,,,,,
617,VerifyAdd,Failure,21916519,#quote#Error - Listing is missing required item specific(s): #quote##quote#Brand#comma# Style#quote##quote#. Please provide the required item specifics.|Brand#comma# Style|63852|#quote#,,,,,,,,,,,,,,,,,,,,,,,,,,,,,,4PW390BLUBLXS,,,,,,,,,,,,VerifyAdd,63852,Jessica Simpson Ms Flare Dress Blue X Small        ,,<html><body>empty</body></html>,1000,,http://images.nationalgeographic.com/wpf/media-live/photos/000/687/cache/bonobo-congo-ziegler_68751_990x742.jpg,1,Auction,0.01,,3,0,55406,Gallery,1,sales@skygroupcloseouts.com,If you need a revised invoice for combined shipping#comma# please contact us before paying so we can adjust the shipping costs.,,,,Flat,6.875,MN,1,0,55406,FedExHomeDelivery,12,1,10,1,4PW390BLUBLXS,ReturnsAccepted,MoneyBackOrExchange,Days_14,Buyer,Please contact us before returning any item. Items listed AS-IS or For Parts/Repair are not covered by our return policy.  We offer 14 days to return item after receiving it. If item is defective we will supply return shipping label. Item must be returned in original packaging with all accessories included. We also charge a 15% restocking fee for cancelled transactions that are not shipped#comma# or we let it go to eBay as an unpaid bidder case.  Do Not Bid If You Do Not Intend To Follow Through!,,,,US,0,0,0,0,0,1,100,5,2,Days_30,4,1,-1,1,,,,,
618,VerifyAdd,Failure,21916519,#quote#Error - Listing is missing required item specific(s): #quote##quote#Brand#comma# Style#quote##quote#. Please provide the required item specifics.|Brand#comma# Style|63852|#quote#,,,,,,,,,,,,,,,,,,,,,,,,,,,,,,4QA578NSD0010,,,,,,,,,,,,VerifyAdd,63852,Jessica Simpson Madison Mini Satchel Saddle Brown  ,,<html><body>empty</body></html>,1000,,http://images.nationalgeographic.com/wpf/media-live/photos/000/687/cache/bonobo-congo-ziegler_68751_990x742.jpg,1,Auction,0.01,,3,0,55406,Gallery,1,sales@skygroupcloseouts.com,If you need a revised invoice for combined shipping#comma# please contact us before paying so we can adjust the shipping costs.,,,,Flat,6.875,MN,1,0,55406,FedExHomeDelivery,12,1,10,1,4QA578NSD0010,ReturnsAccepted,MoneyBackOrExchange,Days_14,Buyer,Please contact us before returning any item. Items listed AS-IS or For Parts/Repair are not covered by our return policy.  We offer 14 days to return item after receiving it. If item is defective we will supply return shipping label. Item must be returned in original packaging with all accessories included. We also charge a 15% restocking fee for cancelled transactions that are not shipped#comma# or we let it go to eBay as an unpaid bidder case.  Do Not Bid If You Do Not Intend To Follow Through!,,,,US,0,0,0,0,0,1,100,5,2,Days_30,4,1,-1,1,,,,,
619,VerifyAdd,Failure,21916519,#quote#Error - Listing is missing required item specific(s): #quote##quote#Brand#comma# Style#quote##quote#. Please provide the required item specifics.|Brand#comma# Style|63852|#quote#,,,,,,,,,,,,,,,,,,,,,,,,,,,,,,4PW390BLUASML,,,,,,,,,,,,VerifyAdd,63852,Jessica Simpson Ms Flare Dress Blue Small          ,,<html><body>empty</body></html>,1000,,http://images.nationalgeographic.com/wpf/media-live/photos/000/687/cache/bonobo-congo-ziegler_68751_990x742.jpg,1,Auction,0.01,,3,0,55406,Gallery,1,sales@skygroupcloseouts.com,If you need a revised invoice for combined shipping#comma# please contact us before paying so we can adjust the shipping costs.,,,,Flat,6.875,MN,1,0,55406,FedExHomeDelivery,12,1,10,1,4PW390BLUASML,ReturnsAccepted,MoneyBackOrExchange,Days_14,Buyer,Please contact us before returning any item. Items listed AS-IS or For Parts/Repair are not covered by our return policy.  We offer 14 days to return item after receiving it. If item is defective we will supply return shipping label. Item must be returned in original packaging with all accessories included. We also charge a 15% restocking fee for cancelled transactions that are not shipped#comma# or we let it go to eBay as an unpaid bidder case.  Do Not Bid If You Do Not Intend To Follow Through!,,,,US,0,0,0,0,0,1,100,5,2,Days_30,4,1,-1,1,,,,,
620,VerifyAdd,Failure,21916519,#quote#Error - Listing is missing required item specific(s): #quote##quote#Brand#comma# Style#quote##quote#. Please provide the required item specifics.|Brand#comma# Style|63852|#quote#,,,,,,,,,,,,,,,,,,,,,,,,,,,,,,4NY696BDNQJ12,,,,,,,,,,,,VerifyAdd,63852,AppleBottoms MS 5PcktBltdCapri Denim 11/12         ,,<html><body>empty</body></html>,1000,,http://images.nationalgeographic.com/wpf/media-live/photos/000/687/cache/bonobo-congo-ziegler_68751_990x742.jpg,1,Auction,0.01,,3,0,55406,Gallery,1,sales@skygroupcloseouts.com,If you need a revised invoice for combined shipping#comma# please contact us before paying so we can adjust the shipping costs.,,,,Flat,6.875,MN,1,0,55406,FedExHomeDelivery,12,1,10,1,4NY696BDNQJ12,ReturnsAccepted,MoneyBackOrExchange,Days_14,Buyer,Please contact us before returning any item. Items listed AS-IS or For Parts/Repair are not covered by our return policy.  We offer 14 days to return item after receiving it. If item is defective we will supply return shipping label. Item must be returned in original packaging with all accessories included. We also charge a 15% restocking fee for cancelled transactions that are not shipped#comma# or we let it go to eBay as an unpaid bidder case.  Do Not Bid If You Do Not Intend To Follow Through!,,,,US,0,0,0,0,0,1,100,5,2,Days_30,4,1,-1,1,,,,,
621,VerifyAdd,Failure,21916519,#quote#Error - Listing is missing required item specific(s): #quote##quote#Brand#comma# Style#quote##quote#. Please provide the required item specifics.|Brand#comma# Style|63852|#quote#,,,,,,,,,,,,,,,,,,,,,,,,,,,,,,4PV595000ALRG,,,,,,,,,,,,VerifyAdd,63852,JM Studio Ms Two-fer Dress Large                   ,,<html><body>empty</body></html>,1000,,http://images.nationalgeographic.com/wpf/media-live/photos/000/687/cache/bonobo-congo-ziegler_68751_990x742.jpg,1,Auction,0.01,,3,0,55406,Gallery,1,sales@skygroupcloseouts.com,If you need a revised invoice for combined shipping#comma# please contact us before paying so we can adjust the shipping costs.,,,,Flat,6.875,MN,1,0,55406,FedExHomeDelivery,12,1,10,1,4PV595000ALRG,ReturnsAccepted,MoneyBackOrExchange,Days_14,Buyer,Please contact us before returning any item. Items listed AS-IS or For Parts/Repair are not covered by our return policy.  We offer 14 days to return item after receiving it. If item is defective we will supply return shipping label. Item must be returned in original packaging with all accessories included. We also charge a 15% restocking fee for cancelled transactions that are not shipped#comma# or we let it go to eBay as an unpaid bidder case.  Do Not Bid If You Do Not Intend To Follow Through!,,,,US,0,0,0,0,0,1,100,5,2,Days_30,4,1,-1,1,,,,,
622,VerifyAdd,Failure,21916519,#quote#Error - Listing is missing required item specific(s): #quote##quote#Brand#comma# Style#quote##quote#. Please provide the required item specifics.|Brand#comma# Style|63852|#quote#,,,,,,,,,,,,,,,,,,,,,,,,,,,,,,4PZ164NSAALRG,,,,,,,,,,,,VerifyAdd,63852,Jessica Simpson Ms Lace Tank Sand Large            ,,<html><body>empty</body></html>,1000,,http://images.nationalgeographic.com/wpf/media-live/photos/000/687/cache/bonobo-congo-ziegler_68751_990x742.jpg,1,Auction,0.01,,3,0,55406,Gallery,1,sales@skygroupcloseouts.com,If you need a revised invoice for combined shipping#comma# please contact us before paying so we can adjust the shipping costs.,,,,Flat,6.875,MN,1,0,55406,FedExHomeDelivery,12,1,10,1,4PZ164NSAALRG,ReturnsAccepted,MoneyBackOrExchange,Days_14,Buyer,Please contact us before returning any item. Items listed AS-IS or For Parts/Repair are not covered by our return policy.  We offer 14 days to return item after receiving it. If item is defective we will supply return shipping label. Item must be returned in original packaging with all accessories included. We also charge a 15% restocking fee for cancelled transactions that are not shipped#comma# or we let it go to eBay as an unpaid bidder case.  Do Not Bid If You Do Not Intend To Follow Through!,,,,US,0,0,0,0,0,1,100,5,2,Days_30,4,1,-1,1,,,,,
623,VerifyAdd,Failure,21916519,#quote#Error - Listing is missing required item specific(s): #quote##quote#Brand#comma# Style#quote##quote#. Please provide the required item specifics.|Brand#comma# Style|63852|#quote#,,,,,,,,,,,,,,,,,,,,,,,,,,,,,,4PY647NEC0010,,,,,,,,,,,,VerifyAdd,63852,Relic Auburn Ring Satchel Ecru                     ,,<html><body>empty</body></html>,1000,,http://images.nationalgeographic.com/wpf/media-live/photos/000/687/cache/bonobo-congo-ziegler_68751_990x742.jpg,1,Auction,0.01,,3,0,55406,Gallery,1,sales@skygroupcloseouts.com,If you need a revised invoice for combined shipping#comma# please contact us before paying so we can adjust the shipping costs.,,,,Flat,6.875,MN,1,0,55406,FedExHomeDelivery,12,1,10,1,4PY647NEC0010,ReturnsAccepted,MoneyBackOrExchange,Days_14,Buyer,Please contact us before returning any item. Items listed AS-IS or For Parts/Repair are not covered by our return policy.  We offer 14 days to return item after receiving it. If item is defective we will supply return shipping label. Item must be returned in original packaging with all accessories included. We also charge a 15% restocking fee for cancelled transactions that are not shipped#comma# or we let it go to eBay as an unpaid bidder case.  Do Not Bid If You Do Not Intend To Follow Through!,,,,US,0,0,0,0,0,1,100,5,2,Days_30,4,1,-1,1,,,,,
624,VerifyAdd,Failure,21916519,#quote#Error - Listing is missing required item specific(s): #quote##quote#Brand#comma# Style#quote##quote#. Please provide the required item specifics.|Brand#comma# Style|63852|#quote#,,,,,,,,,,,,,,,,,,,,,,,,,,,,,,4PF226NAF0010,,,,,,,,,,,,VerifyAdd,63852,EclipseTavrnBOTherm Valance-Cafe                   ,,<html><body>empty</body></html>,1000,,http://images.nationalgeographic.com/wpf/media-live/photos/000/687/cache/bonobo-congo-ziegler_68751_990x742.jpg,1,Auction,0.01,,3,0,55406,Gallery,1,sales@skygroupcloseouts.com,If you need a revised invoice for combined shipping#comma# please contact us before paying so we can adjust the shipping costs.,,,,Flat,6.875,MN,1,0,55406,FedExHomeDelivery,12,1,10,1,4PF226NAF0010,ReturnsAccepted,MoneyBackOrExchange,Days_14,Buyer,Please contact us before returning any item. Items listed AS-IS or For Parts/Repair are not covered by our return policy.  We offer 14 days to return item after receiving it. If item is defective we will supply return shipping label. Item must be returned in original packaging with all accessories included. We also charge a 15% restocking fee for cancelled transactions that are not shipped#comma# or we let it go to eBay as an unpaid bidder case.  Do Not Bid If You Do Not Intend To Follow Through!,,,,US,0,0,0,0,0,1,100,5,2,Days_30,4,1,-1,1,,,,,
625,VerifyAdd,Failure,21916519,#quote#Error - Listing is missing required item specific(s): #quote##quote#Brand#comma# Style#quote##quote#. Please provide the required item specifics.|Brand#comma# Style|63852|#quote#,,,,,,,,,,,,,,,,,,,,,,,,,,,,,,4PX081RCO0010,,,,,,,,,,,,VerifyAdd,63852,Relic Avondale cnv/pyth NS Tte Coral               ,,<html><body>empty</body></html>,1000,,http://images.nationalgeographic.com/wpf/media-live/photos/000/687/cache/bonobo-congo-ziegler_68751_990x742.jpg,1,Auction,0.01,,3,0,55406,Gallery,1,sales@skygroupcloseouts.com,If you need a revised invoice for combined shipping#comma# please contact us before paying so we can adjust the shipping costs.,,,,Flat,6.875,MN,1,0,55406,FedExHomeDelivery,12,1,10,1,4PX081RCO0010,ReturnsAccepted,MoneyBackOrExchange,Days_14,Buyer,Please contact us before returning any item. Items listed AS-IS or For Parts/Repair are not covered by our return policy.  We offer 14 days to return item after receiving it. If item is defective we will supply return shipping label. Item must be returned in original packaging with all accessories included. We also charge a 15% restocking fee for cancelled transactions that are not shipped#comma# or we let it go to eBay as an unpaid bidder case.  Do Not Bid If You Do Not Intend To Follow Through!,,,,US,0,0,0,0,0,1,100,5,2,Days_30,4,1,-1,1,,,,,
626,VerifyAdd,Failure,21916519,#quote#Error - Listing is missing required item specific(s): #quote##quote#Brand#comma# Style#quote##quote#. Please provide the required item specifics.|Brand#comma# Style|63852|#quote#,,,,,,,,,,,,,,,,,,,,,,,,,,,,,,4QC662RKRSS01,,,,,,,,,,,,VerifyAdd,63852,SteveMaddenMissHigh-Low HemJkt Dark Red Small      ,,<html><body>empty</body></html>,1000,,http://images.nationalgeographic.com/wpf/media-live/photos/000/687/cache/bonobo-congo-ziegler_68751_990x742.jpg,1,Auction,0.01,,3,0,55406,Gallery,1,sales@skygroupcloseouts.com,If you need a revised invoice for combined shipping#comma# please contact us before paying so we can adjust the shipping costs.,,,,Flat,6.875,MN,1,0,55406,FedExHomeDelivery,12,1,10,1,4QC662RKRSS01,ReturnsAccepted,MoneyBackOrExchange,Days_14,Buyer,Please contact us before returning any item. Items listed AS-IS or For Parts/Repair are not covered by our return policy.  We offer 14 days to return item after receiving it. If item is defective we will supply return shipping label. Item must be returned in original packaging with all accessories included. We also charge a 15% restocking fee for cancelled transactions that are not shipped#comma# or we let it go to eBay as an unpaid bidder case.  Do Not Bid If You Do Not Intend To Follow Through!,,,,US,0,0,0,0,0,1,100,5,2,Days_30,4,1,-1,1,,,,,
627,VerifyAdd,Failure,21916519,#quote#Error - Listing is missing required item specific(s): #quote##quote#Brand#comma# Style#quote##quote#. Please provide the required item specifics.|Brand#comma# Style|63852|#quote#,,,,,,,,,,,,,,,,,,,,,,,,,,,,,,4PV593NBLSM01,,,,,,,,,,,,VerifyAdd,63852,JM Studio Ms 2pc SkirtShirtDrs Black Medium        ,,<html><body>empty</body></html>,1000,,http://images.nationalgeographic.com/wpf/media-live/photos/000/687/cache/bonobo-congo-ziegler_68751_990x742.jpg,1,Auction,0.01,,3,0,55406,Gallery,1,sales@skygroupcloseouts.com,If you need a revised invoice for combined shipping#comma# please contact us before paying so we can adjust the shipping costs.,,,,Flat,6.875,MN,1,0,55406,FedExHomeDelivery,12,1,10,1,4PV593NBLSM01,ReturnsAccepted,MoneyBackOrExchange,Days_14,Buyer,Please contact us before returning any item. Items listed AS-IS or For Parts/Repair are not covered by our return policy.  We offer 14 days to return item after receiving it. If item is defective we will supply return shipping label. Item must be returned in original packaging with all accessories included. We also charge a 15% restocking fee for cancelled transactions that are not shipped#comma# or we let it go to eBay as an unpaid bidder case.  Do Not Bid If You Do Not Intend To Follow Through!,,,,US,0,0,0,0,0,1,100,5,2,Days_30,4,1,-1,1,,,,,
628,VerifyAdd,Failure,21916519,#quote#Error - Listing is missing required item specific(s): #quote##quote#Brand#comma# Style#quote##quote#. Please provide the required item specifics.|Brand#comma# Style|63852|#quote#,,,,,,,,,,,,,,,,,,,,,,,,,,,,,,4QA579NST0010,,,,,,,,,,,,VerifyAdd,63852,Jessica Simpson Bali Hobo Saddle Tan               ,,<html><body>empty</body></html>,1000,,http://images.nationalgeographic.com/wpf/media-live/photos/000/687/cache/bonobo-congo-ziegler_68751_990x742.jpg,1,Auction,0.01,,3,0,55406,Gallery,1,sales@skygroupcloseouts.com,If you need a revised invoice for combined shipping#comma# please contact us before paying so we can adjust the shipping costs.,,,,Flat,6.875,MN,1,0,55406,FedExHomeDelivery,12,1,10,1,4QA579NST0010,ReturnsAccepted,MoneyBackOrExchange,Days_14,Buyer,Please contact us before returning any item. Items listed AS-IS or For Parts/Repair are not covered by our return policy.  We offer 14 days to return item after receiving it. If item is defective we will supply return shipping label. Item must be returned in original packaging with all accessories included. We also charge a 15% restocking fee for cancelled transactions that are not shipped#comma# or we let it go to eBay as an unpaid bidder case.  Do Not Bid If You Do Not Intend To Follow Through!,,,,US,0,0,0,0,0,1,100,5,2,Days_30,4,1,-1,1,,,,,
629,VerifyAdd,Failure,21916519,#quote#Error - Listing is missing required item specific(s): #quote##quote#Brand#comma# Style#quote##quote#. Please provide the required item specifics.|Brand#comma# Style|63852|#quote#,,,,,,,,,,,,,,,,,,,,,,,,,,,,,,4QA578GTQ0010,,,,,,,,,,,,VerifyAdd,63852,Jessica Simpson Madison Mini Satchel Turquoise     ,,<html><body>empty</body></html>,1000,,http://images.nationalgeographic.com/wpf/media-live/photos/000/687/cache/bonobo-congo-ziegler_68751_990x742.jpg,1,Auction,0.01,,3,0,55406,Gallery,1,sales@skygroupcloseouts.com,If you need a revised invoice for combined shipping#comma# please contact us before paying so we can adjust the shipping costs.,,,,Flat,6.875,MN,1,0,55406,FedExHomeDelivery,12,1,10,1,4QA578GTQ0010,ReturnsAccepted,MoneyBackOrExchange,Days_14,Buyer,Please contact us before returning any item. Items listed AS-IS or For Parts/Repair are not covered by our return policy.  We offer 14 days to return item after receiving it. If item is defective we will supply return shipping label. Item must be returned in original packaging with all accessories included. We also charge a 15% restocking fee for cancelled transactions that are not shipped#comma# or we let it go to eBay as an unpaid bidder case.  Do Not Bid If You Do Not Intend To Follow Through!,,,,US,0,0,0,0,0,1,100,5,2,Days_30,4,1,-1,1,,,,,
630,VerifyAdd,Failure,21916519,#quote#Error - Listing is missing required item specific(s): #quote##quote#Brand#comma# Style#quote##quote#. Please provide the required item specifics.|Brand#comma# Style|63852|#quote#,,,,,,,,,,,,,,,,,,,,,,,,,,,,,,4PX107NOW0010,,,,,,,,,,,,VerifyAdd,63852,Franco Sarto Piza Leather Satchel Off White        ,,<html><body>empty</body></html>,1000,,http://images.nationalgeographic.com/wpf/media-live/photos/000/687/cache/bonobo-congo-ziegler_68751_990x742.jpg,1,Auction,0.01,,3,0,55406,Gallery,1,sales@skygroupcloseouts.com,If you need a revised invoice for combined shipping#comma# please contact us before paying so we can adjust the shipping costs.,,,,Flat,6.875,MN,1,0,55406,FedExHomeDelivery,12,1,10,1,4PX107NOW0010,ReturnsAccepted,MoneyBackOrExchange,Days_14,Buyer,Please contact us before returning any item. Items listed AS-IS or For Parts/Repair are not covered by our return policy.  We offer 14 days to return item after receiving it. If item is defective we will supply return shipping label. Item must be returned in original packaging with all accessories included. We also charge a 15% restocking fee for cancelled transactions that are not shipped#comma# or we let it go to eBay as an unpaid bidder case.  Do Not Bid If You Do Not Intend To Follow Through!,,,,US,0,0,0,0,0,1,100,5,2,Days_30,4,1,-1,1,,,,,
631,VerifyAdd,Failure,21916519,#quote#Error - Listing is missing required item specific(s): #quote##quote#Brand#comma# Style#quote##quote#. Please provide the required item specifics.|Brand#comma# Style|63852|#quote#,,,,,,,,,,,,,,,,,,,,,,,,,,,,,,4PX203RPKA1XL,,,,,,,,,,,,VerifyAdd,63852,SpRotten Wm Beaded Neck Top Pink 1X                ,,<html><body>empty</body></html>,1000,,http://images.nationalgeographic.com/wpf/media-live/photos/000/687/cache/bonobo-congo-ziegler_68751_990x742.jpg,1,Auction,0.01,,3,0,55406,Gallery,1,sales@skygroupcloseouts.com,If you need a revised invoice for combined shipping#comma# please contact us before paying so we can adjust the shipping costs.,,,,Flat,6.875,MN,1,0,55406,FedExHomeDelivery,12,1,10,1,4PX203RPKA1XL,ReturnsAccepted,MoneyBackOrExchange,Days_14,Buyer,Please contact us before returning any item. Items listed AS-IS or For Parts/Repair are not covered by our return policy.  We offer 14 days to return item after receiving it. If item is defective we will supply return shipping label. Item must be returned in original packaging with all accessories included. We also charge a 15% restocking fee for cancelled transactions that are not shipped#comma# or we let it go to eBay as an unpaid bidder case.  Do Not Bid If You Do Not Intend To Follow Through!,,,,US,0,0,0,0,0,1,100,5,2,Days_30,4,1,-1,1,,,,,
632,VerifyAdd,Failure,21916519,#quote#Error - Listing is missing required item specific(s): #quote##quote#Brand#comma# Style#quote##quote#. Please provide the required item specifics.|Brand#comma# Style|63852|#quote#,,,,,,,,,,,,,,,,,,,,,,,,,,,,,,4PL0050000010,,,,,,,,,,,,VerifyAdd,63852,Hayden Full 8pc Bed Set                            ,,<html><body>empty</body></html>,1000,,http://images.nationalgeographic.com/wpf/media-live/photos/000/687/cache/bonobo-congo-ziegler_68751_990x742.jpg,1,Auction,0.01,,3,0,55406,Gallery,1,sales@skygroupcloseouts.com,If you need a revised invoice for combined shipping#comma# please contact us before paying so we can adjust the shipping costs.,,,,Flat,6.875,MN,1,0,55406,FedExHomeDelivery,12,1,10,1,4PL0050000010,ReturnsAccepted,MoneyBackOrExchange,Days_14,Buyer,Please contact us before returning any item. Items listed AS-IS or For Parts/Repair are not covered by our return policy.  We offer 14 days to return item after receiving it. If item is defective we will supply return shipping label. Item must be returned in original packaging with all accessories included. We also charge a 15% restocking fee for cancelled transactions that are not shipped#comma# or we let it go to eBay as an unpaid bidder case.  Do Not Bid If You Do Not Intend To Follow Through!,,,,US,0,0,0,0,0,1,100,5,2,Days_30,4,1,-1,1,,,,,
633,VerifyAdd,Failure,21916519,#quote#Error - Listing is missing required item specific(s): #quote##quote#Brand#comma# Band Size#comma# Cup Size#comma# Style#quote##quote#. Please provide the required item specifics.|Brand#comma# Band Size#comma# Cup Size#comma# Style|63853|#quote#,,,,,,,,,,,,,,,,,,,,,,,,,,,,,,4PY650PTP0010,,,,,,,,,,,,VerifyAdd,63853,Relic Heather Wallet Tropical Palm                 ,,<html><body>empty</body></html>,1000,,http://images.nationalgeographic.com/wpf/media-live/photos/000/687/cache/bonobo-congo-ziegler_68751_990x742.jpg,1,Auction,0.01,,3,0,55406,Gallery,1,sales@skygroupcloseouts.com,If you need a revised invoice for combined shipping#comma# please contact us before paying so we can adjust the shipping costs.,,,,Flat,6.875,MN,1,0,55406,FedExHomeDelivery,12,1,10,1,4PY650PTP0010,ReturnsAccepted,MoneyBackOrExchange,Days_14,Buyer,Please contact us before returning any item. Items listed AS-IS or For Parts/Repair are not covered by our return policy.  We offer 14 days to return item after receiving it. If item is defective we will supply return shipping label. Item must be returned in original packaging with all accessories included. We also charge a 15% restocking fee for cancelled transactions that are not shipped#comma# or we let it go to eBay as an unpaid bidder case.  Do Not Bid If You Do Not Intend To Follow Through!,,,,US,0,0,0,0,0,1,100,5,2,Days_30,4,1,-1,1,,,,,
634,VerifyAdd,Failure,21916519,#quote#Error - Listing is missing required item specific(s): #quote##quote#Brand#comma# Band Size#comma# Cup Size#comma# Style#quote##quote#. Please provide the required item specifics.|Brand#comma# Band Size#comma# Cup Size#comma# Style|63853|#quote#,,,,,,,,,,,,,,,,,,,,,,,,,,,,,,4PA687NBLBD36,,,,,,,,,,,,VerifyAdd,63853,Cortland FF Minimizer Bra Black 36 D               ,,<html><body>empty</body></html>,1000,,http://images.nationalgeographic.com/wpf/media-live/photos/000/687/cache/bonobo-congo-ziegler_68751_990x742.jpg,1,Auction,0.01,,3,0,55406,Gallery,1,sales@skygroupcloseouts.com,If you need a revised invoice for combined shipping#comma# please contact us before paying so we can adjust the shipping costs.,,,,Flat,6.875,MN,1,0,55406,FedExHomeDelivery,12,1,10,1,4PA687NBLBD36,ReturnsAccepted,MoneyBackOrExchange,Days_14,Buyer,Please contact us before returning any item. Items listed AS-IS or For Parts/Repair are not covered by our return policy.  We offer 14 days to return item after receiving it. If item is defective we will supply return shipping label. Item must be returned in original packaging with all accessories included. We also charge a 15% restocking fee for cancelled transactions that are not shipped#comma# or we let it go to eBay as an unpaid bidder case.  Do Not Bid If You Do Not Intend To Follow Through!,,,,US,0,0,0,0,0,1,100,5,2,Days_30,4,1,-1,1,,,,,
635,VerifyAdd,Failure,21916519,#quote#Error - Listing is missing required item specific(s): #quote##quote#Brand#comma# Band Size#comma# Cup Size#comma# Style#quote##quote#. Please provide the required item specifics.|Brand#comma# Band Size#comma# Cup Size#comma# Style|63853|#quote#,,,,,,,,,,,,,,,,,,,,,,,,,,,,,,4NY697BDNW020,,,,,,,,,,,,VerifyAdd,63853,AppleBottoms WM 5PcktBltdCapri Denim 20W           ,,<html><body>empty</body></html>,1000,,http://images.nationalgeographic.com/wpf/media-live/photos/000/687/cache/bonobo-congo-ziegler_68751_990x742.jpg,1,Auction,0.01,,3,0,55406,Gallery,1,sales@skygroupcloseouts.com,If you need a revised invoice for combined shipping#comma# please contact us before paying so we can adjust the shipping costs.,,,,Flat,6.875,MN,1,0,55406,FedExHomeDelivery,12,1,10,1,4NY697BDNW020,ReturnsAccepted,MoneyBackOrExchange,Days_14,Buyer,Please contact us before returning any item. Items listed AS-IS or For Parts/Repair are not covered by our return policy.  We offer 14 days to return item after receiving it. If item is defective we will supply return shipping label. Item must be returned in original packaging with all accessories included. We also charge a 15% restocking fee for cancelled transactions that are not shipped#comma# or we let it go to eBay as an unpaid bidder case.  Do Not Bid If You Do Not Intend To Follow Through!,,,,US,0,0,0,0,0,1,100,5,2,Days_30,4,1,-1,1,,,,,
636,VerifyAdd,Failure,21916519,#quote#Error - Listing is missing required item specific(s): #quote##quote#Brand#comma# Band Size#comma# Cup Size#comma# Style#quote##quote#. Please provide the required item specifics.|Brand#comma# Band Size#comma# Cup Size#comma# Style|63853|#quote#,,,,,,,,,,,,,,,,,,,,,,,,,,,,,,4P7122NCOBG38,,,,,,,,,,,,VerifyAdd,63853,Glamorise Magic Lift Bra-Cocoa Cocoa 38 G          ,,<html><body>empty</body></html>,1000,,http://images.nationalgeographic.com/wpf/media-live/photos/000/687/cache/bonobo-congo-ziegler_68751_990x742.jpg,1,Auction,0.01,,3,0,55406,Gallery,1,sales@skygroupcloseouts.com,If you need a revised invoice for combined shipping#comma# please contact us before paying so we can adjust the shipping costs.,,,,Flat,6.875,MN,1,0,55406,FedExHomeDelivery,12,1,10,1,4P7122NCOBG38,ReturnsAccepted,MoneyBackOrExchange,Days_14,Buyer,Please contact us before returning any item. Items listed AS-IS or For Parts/Repair are not covered by our return policy.  We offer 14 days to return item after receiving it. If item is defective we will supply return shipping label. Item must be returned in original packaging with all accessories included. We also charge a 15% restocking fee for cancelled transactions that are not shipped#comma# or we let it go to eBay as an unpaid bidder case.  Do Not Bid If You Do Not Intend To Follow Through!,,,,US,0,0,0,0,0,1,100,5,2,Days_30,4,1,-1,1,,,,,
637,VerifyAdd,Failure,21916519,#quote#Error - Listing is missing required item specific(s): #quote##quote#Brand#comma# Band Size#comma# Cup Size#comma# Style#quote##quote#. Please provide the required item specifics.|Brand#comma# Band Size#comma# Cup Size#comma# Style|63853|#quote#,,,,,,,,,,,,,,,,,,,,,,,,,,,,,,4PA687NBLBD40,,,,,,,,,,,,VerifyAdd,63853,Cortland FF Minimizer Bra Black 40 D               ,,<html><body>empty</body></html>,1000,,http://images.nationalgeographic.com/wpf/media-live/photos/000/687/cache/bonobo-congo-ziegler_68751_990x742.jpg,1,Auction,0.01,,3,0,55406,Gallery,1,sales@skygroupcloseouts.com,If you need a revised invoice for combined shipping#comma# please contact us before paying so we can adjust the shipping costs.,,,,Flat,6.875,MN,1,0,55406,FedExHomeDelivery,12,1,10,1,4PA687NBLBD40,ReturnsAccepted,MoneyBackOrExchange,Days_14,Buyer,Please contact us before returning any item. Items listed AS-IS or For Parts/Repair are not covered by our return policy.  We offer 14 days to return item after receiving it. If item is defective we will supply return shipping label. Item must be returned in original packaging with all accessories included. We also charge a 15% restocking fee for cancelled transactions that are not shipped#comma# or we let it go to eBay as an unpaid bidder case.  Do Not Bid If You Do Not Intend To Follow Through!,,,,US,0,0,0,0,0,1,100,5,2,Days_30,4,1,-1,1,,,,,
638,VerifyAdd,Failure,21916519,#quote#Error - Listing is missing required item specific(s): #quote##quote#Brand#comma# Band Size#comma# Cup Size#comma# Style#quote##quote#. Please provide the required item specifics.|Brand#comma# Band Size#comma# Cup Size#comma# Style|63853|#quote#,,,,,,,,,,,,,,,,,,,,,,,,,,,,,,4PW394NWHALRG,,,,,,,,,,,,VerifyAdd,63853,JessSimp Misses Love You Tee White Large           ,,<html><body>empty</body></html>,1000,,http://images.nationalgeographic.com/wpf/media-live/photos/000/687/cache/bonobo-congo-ziegler_68751_990x742.jpg,1,Auction,0.01,,3,0,55406,Gallery,1,sales@skygroupcloseouts.com,If you need a revised invoice for combined shipping#comma# please contact us before paying so we can adjust the shipping costs.,,,,Flat,6.875,MN,1,0,55406,FedExHomeDelivery,12,1,10,1,4PW394NWHALRG,ReturnsAccepted,MoneyBackOrExchange,Days_14,Buyer,Please contact us before returning any item. Items listed AS-IS or For Parts/Repair are not covered by our return policy.  We offer 14 days to return item after receiving it. If item is defective we will supply return shipping label. Item must be returned in original packaging with all accessories included. We also charge a 15% restocking fee for cancelled transactions that are not shipped#comma# or we let it go to eBay as an unpaid bidder case.  Do Not Bid If You Do Not Intend To Follow Through!,,,,US,0,0,0,0,0,1,100,5,2,Days_30,4,1,-1,1,,,,,
639,VerifyAdd,Failure,21916519,#quote#Error - Listing is missing required item specific(s): #quote##quote#Brand#comma# Band Size#comma# Cup Size#comma# Style#quote##quote#. Please provide the required item specifics.|Brand#comma# Band Size#comma# Cup Size#comma# Style|63853|#quote#,,,,,,,,,,,,,,,,,,,,,,,,,,,,,,4PM418NBLBD34,,,,,,,,,,,,VerifyAdd,63853,DNU Wonderbra AddASize PushUp Bra Black 34 D       ,,<html><body>empty</body></html>,1000,,http://images.nationalgeographic.com/wpf/media-live/photos/000/687/cache/bonobo-congo-ziegler_68751_990x742.jpg,1,Auction,0.01,,3,0,55406,Gallery,1,sales@skygroupcloseouts.com,If you need a revised invoice for combined shipping#comma# please contact us before paying so we can adjust the shipping costs.,,,,Flat,6.875,MN,1,0,55406,FedExHomeDelivery,12,1,10,1,4PM418NBLBD34,ReturnsAccepted,MoneyBackOrExchange,Days_14,Buyer,Please contact us before returning any item. Items listed AS-IS or For Parts/Repair are not covered by our return policy.  We offer 14 days to return item after receiving it. If item is defective we will supply return shipping label. Item must be returned in original packaging with all accessories included. We also charge a 15% restocking fee for cancelled transactions that are not shipped#comma# or we let it go to eBay as an unpaid bidder case.  Do Not Bid If You Do Not Intend To Follow Through!,,,,US,0,0,0,0,0,1,100,5,2,Days_30,4,1,-1,1,,,,,
640,VerifyAdd,Failure,21916519,#quote#Error - Listing is missing required item specific(s): #quote##quote#Brand#comma# Band Size#comma# Cup Size#comma# Style#quote##quote#. Please provide the required item specifics.|Brand#comma# Band Size#comma# Cup Size#comma# Style|63853|#quote#,,,,,,,,,,,,,,,,,,,,,,,,,,,,,,4PA687NFABD40,,,,,,,,,,,,VerifyAdd,63853,Cortland FF Minimizer Bra Fawn 40 D                ,,<html><body>empty</body></html>,1000,,http://images.nationalgeographic.com/wpf/media-live/photos/000/687/cache/bonobo-congo-ziegler_68751_990x742.jpg,1,Auction,0.01,,3,0,55406,Gallery,1,sales@skygroupcloseouts.com,If you need a revised invoice for combined shipping#comma# please contact us before paying so we can adjust the shipping costs.,,,,Flat,6.875,MN,1,0,55406,FedExHomeDelivery,12,1,10,1,4PA687NFABD40,ReturnsAccepted,MoneyBackOrExchange,Days_14,Buyer,Please contact us before returning any item. Items listed AS-IS or For Parts/Repair are not covered by our return policy.  We offer 14 days to return item after receiving it. If item is defective we will supply return shipping label. Item must be returned in original packaging with all accessories included. We also charge a 15% restocking fee for cancelled transactions that are not shipped#comma# or we let it go to eBay as an unpaid bidder case.  Do Not Bid If You Do Not Intend To Follow Through!,,,,US,0,0,0,0,0,1,100,5,2,Days_30,4,1,-1,1,,,,,
641,VerifyAdd,Failure,21916519,#quote#Error - Listing is missing required item specific(s): #quote##quote#Brand#comma# Style#comma# Size Type#comma# Intimates & Sleep Size (Women's)#quote##quote#. Please provide the required item specifics.|Brand#comma# Style#comma# Size Type#comma# Intimates & Sleep Size (Women's)|63854|#quote#,,,,,,,,,,,,,,,,,,,,,,,,,,,,,,4PX663YEL0010,,,,,,,,,,,,VerifyAdd,63854,Relic Montclare Mini Hobo Yellow                   ,,<html><body>empty</body></html>,1000,,http://images.nationalgeographic.com/wpf/media-live/photos/000/687/cache/bonobo-congo-ziegler_68751_990x742.jpg,1,Auction,0.01,,3,0,55406,Gallery,1,sales@skygroupcloseouts.com,If you need a revised invoice for combined shipping#comma# please contact us before paying so we can adjust the shipping costs.,,,,Flat,6.875,MN,1,0,55406,FedExHomeDelivery,12,1,10,1,4PX663YEL0010,ReturnsAccepted,MoneyBackOrExchange,Days_14,Buyer,Please contact us before returning any item. Items listed AS-IS or For Parts/Repair are not covered by our return policy.  We offer 14 days to return item after receiving it. If item is defective we will supply return shipping label. Item must be returned in original packaging with all accessories included. We also charge a 15% restocking fee for cancelled transactions that are not shipped#comma# or we let it go to eBay as an unpaid bidder case.  Do Not Bid If You Do Not Intend To Follow Through!,,,,US,0,0,0,0,0,1,100,5,2,Days_30,4,1,-1,1,,,,,
642,VerifyAdd,Failure,21916519,#quote#Error - Listing is missing required item specific(s): #quote##quote#Brand#comma# Style#comma# Size Type#comma# Intimates & Sleep Size (Women's)#quote##quote#. Please provide the required item specifics.|Brand#comma# Style#comma# Size Type#comma# Intimates & Sleep Size (Women's)|63854|#quote#,,,,,,,,,,,,,,,,,,,,,,,,,,,,,,4NQ402NRHA2XL,,,,,,,,,,,,VerifyAdd,63854,Long Leg Control Panty Misses Pearl White 2 XL     ,,<html><body>empty</body></html>,1000,,http://images.nationalgeographic.com/wpf/media-live/photos/000/687/cache/bonobo-congo-ziegler_68751_990x742.jpg,1,Auction,0.01,,3,0,55406,Gallery,1,sales@skygroupcloseouts.com,If you need a revised invoice for combined shipping#comma# please contact us before paying so we can adjust the shipping costs.,,,,Flat,6.875,MN,1,0,55406,FedExHomeDelivery,12,1,10,1,4NQ402NRHA2XL,ReturnsAccepted,MoneyBackOrExchange,Days_14,Buyer,Please contact us before returning any item. Items listed AS-IS or For Parts/Repair are not covered by our return policy.  We offer 14 days to return item after receiving it. If item is defective we will supply return shipping label. Item must be returned in original packaging with all accessories included. We also charge a 15% restocking fee for cancelled transactions that are not shipped#comma# or we let it go to eBay as an unpaid bidder case.  Do Not Bid If You Do Not Intend To Follow Through!,,,,US,0,0,0,0,0,1,100,5,2,Days_30,4,1,-1,1,,,,,
643,VerifyAdd,Failure,21916519,#quote#Error - Listing is missing required item specific(s): #quote##quote#Brand#comma# Style#comma# Size Type#comma# Intimates & Sleep Size (Women's)#quote##quote#. Please provide the required item specifics.|Brand#comma# Style#comma# Size Type#comma# Intimates & Sleep Size (Women's)|63855|#quote#,,,,,,,,,,,,,,,,,,,,,,,,,,,,,,4P0942REDAMED,,,,,,,,,,,,VerifyAdd,63855,Dreamgirl Charmeuse Gown/Robe-Red-Medium           ,,<html><body>empty</body></html>,1000,,http://images.nationalgeographic.com/wpf/media-live/photos/000/687/cache/bonobo-congo-ziegler_68751_990x742.jpg,1,Auction,0.01,,3,0,55406,Gallery,1,sales@skygroupcloseouts.com,If you need a revised invoice for combined shipping#comma# please contact us before paying so we can adjust the shipping costs.,,,,Flat,6.875,MN,1,0,55406,FedExHomeDelivery,12,1,10,1,4P0942REDAMED,ReturnsAccepted,MoneyBackOrExchange,Days_14,Buyer,Please contact us before returning any item. Items listed AS-IS or For Parts/Repair are not covered by our return policy.  We offer 14 days to return item after receiving it. If item is defective we will supply return shipping label. Item must be returned in original packaging with all accessories included. We also charge a 15% restocking fee for cancelled transactions that are not shipped#comma# or we let it go to eBay as an unpaid bidder case.  Do Not Bid If You Do Not Intend To Follow Through!,,,,US,0,0,0,0,0,1,100,5,2,Days_30,4,1,-1,1,,,,,
644,VerifyAdd,Failure,21916519,#quote#Error - Listing is missing required item specific(s): #quote##quote#Brand#comma# Size Type#comma# Size (Women's)#quote##quote#. Please provide the required item specifics.|Brand#comma# Size Type#comma# Size (Women's)|63861|#quote#,,,,,,,,,,,,,,,,,,,,,,,,,,,,,,4NN716GSGM018,,,,,,,,,,,,VerifyAdd,63861,DNU Westside MS Georgette Jckt Drs Sage 18         ,,<html><body>empty</body></html>,1000,,http://images.nationalgeographic.com/wpf/media-live/photos/000/687/cache/bonobo-congo-ziegler_68751_990x742.jpg,1,Auction,0.01,,3,0,55406,Gallery,1,sales@skygroupcloseouts.com,If you need a revised invoice for combined shipping#comma# please contact us before paying so we can adjust the shipping costs.,,,,Flat,6.875,MN,1,0,55406,FedExHomeDelivery,12,1,10,1,4NN716GSGM018,ReturnsAccepted,MoneyBackOrExchange,Days_14,Buyer,Please contact us before returning any item. Items listed AS-IS or For Parts/Repair are not covered by our return policy.  We offer 14 days to return item after receiving it. If item is defective we will supply return shipping label. Item must be returned in original packaging with all accessories included. We also charge a 15% restocking fee for cancelled transactions that are not shipped#comma# or we let it go to eBay as an unpaid bidder case.  Do Not Bid If You Do Not Intend To Follow Through!,,,,US,0,0,0,0,0,1,100,5,2,Days_30,4,1,-1,1,,,,,
645,VerifyAdd,Failure,21916519,#quote#Error - Listing is missing required item specific(s): #quote##quote#Brand#comma# Size Type#comma# Size (Women's)#quote##quote#. Please provide the required item specifics.|Brand#comma# Size Type#comma# Size (Women's)|63861|#quote#,,,,,,,,,,,,,,,,,,,,,,,,,,,,,,4PJ802BNVMM34,,,,,,,,,,,,VerifyAdd,63861,Steve Harv Mn Windowpane2pcSet Navy Medium/34      ,,<html><body>empty</body></html>,1000,,http://images.nationalgeographic.com/wpf/media-live/photos/000/687/cache/bonobo-congo-ziegler_68751_990x742.jpg,1,Auction,0.01,,3,0,55406,Gallery,1,sales@skygroupcloseouts.com,If you need a revised invoice for combined shipping#comma# please contact us before paying so we can adjust the shipping costs.,,,,Flat,6.875,MN,1,0,55406,FedExHomeDelivery,12,1,10,1,4PJ802BNVMM34,ReturnsAccepted,MoneyBackOrExchange,Days_14,Buyer,Please contact us before returning any item. Items listed AS-IS or For Parts/Repair are not covered by our return policy.  We offer 14 days to return item after receiving it. If item is defective we will supply return shipping label. Item must be returned in original packaging with all accessories included. We also charge a 15% restocking fee for cancelled transactions that are not shipped#comma# or we let it go to eBay as an unpaid bidder case.  Do Not Bid If You Do Not Intend To Follow Through!,,,,US,0,0,0,0,0,1,100,5,2,Days_30,4,1,-1,1,,,,,
646,VerifyAdd,Failure,21916519,#quote#Error - Listing is missing required item specific(s): #quote##quote#Brand#comma# Size Type#comma# Size (Women's)#quote##quote#. Please provide the required item specifics.|Brand#comma# Size Type#comma# Size (Women's)|63861|#quote#,,,,,,,,,,,,,,,,,,,,,,,,,,,,,,4PK8940000010,,,,,,,,,,,,VerifyAdd,63861,Gabriella TW QuiltTop Bedspread                    ,,<html><body>empty</body></html>,1000,,http://images.nationalgeographic.com/wpf/media-live/photos/000/687/cache/bonobo-congo-ziegler_68751_990x742.jpg,1,Auction,0.01,,3,0,55406,Gallery,1,sales@skygroupcloseouts.com,If you need a revised invoice for combined shipping#comma# please contact us before paying so we can adjust the shipping costs.,,,,Flat,6.875,MN,1,0,55406,FedExHomeDelivery,12,1,10,1,4PK8940000010,ReturnsAccepted,MoneyBackOrExchange,Days_14,Buyer,Please contact us before returning any item. Items listed AS-IS or For Parts/Repair are not covered by our return policy.  We offer 14 days to return item after receiving it. If item is defective we will supply return shipping label. Item must be returned in original packaging with all accessories included. We also charge a 15% restocking fee for cancelled transactions that are not shipped#comma# or we let it go to eBay as an unpaid bidder case.  Do Not Bid If You Do Not Intend To Follow Through!,,,,US,0,0,0,0,0,1,100,5,2,Days_30,4,1,-1,1,,,,,
647,VerifyAdd,Failure,21916519,#quote#Error - Listing is missing required item specific(s): #quote##quote#Brand#comma# Size Type#comma# Size (Women's)#quote##quote#. Please provide the required item specifics.|Brand#comma# Size Type#comma# Size (Women's)|63861|#quote#,,,,,,,,,,,,,,,,,,,,,,,,,,,,,,4PX386GCLW020,,,,,,,,,,,,VerifyAdd,63861,JessSimpson WmRuffleFrontDress Celery 20W          ,,<html><body>empty</body></html>,1000,,http://images.nationalgeographic.com/wpf/media-live/photos/000/687/cache/bonobo-congo-ziegler_68751_990x742.jpg,1,Auction,0.01,,3,0,55406,Gallery,1,sales@skygroupcloseouts.com,If you need a revised invoice for combined shipping#comma# please contact us before paying so we can adjust the shipping costs.,,,,Flat,6.875,MN,1,0,55406,FedExHomeDelivery,12,1,10,1,4PX386GCLW020,ReturnsAccepted,MoneyBackOrExchange,Days_14,Buyer,Please contact us before returning any item. Items listed AS-IS or For Parts/Repair are not covered by our return policy.  We offer 14 days to return item after receiving it. If item is defective we will supply return shipping label. Item must be returned in original packaging with all accessories included. We also charge a 15% restocking fee for cancelled transactions that are not shipped#comma# or we let it go to eBay as an unpaid bidder case.  Do Not Bid If You Do Not Intend To Follow Through!,,,,US,0,0,0,0,0,1,100,5,2,Days_30,4,1,-1,1,,,,,
648,VerifyAdd,Failure,21916519,#quote#Error - Listing is missing required item specific(s): #quote##quote#Brand#comma# Size Type#comma# Size (Women's)#quote##quote#. Please provide the required item specifics.|Brand#comma# Size Type#comma# Size (Women's)|63861|#quote#,,,,,,,,,,,,,,,,,,,,,,,,,,,,,,4QA582ORG0010,,,,,,,,,,,,VerifyAdd,63861,Jessica Simpson Madison Satchel Orange             ,,<html><body>empty</body></html>,1000,,http://images.nationalgeographic.com/wpf/media-live/photos/000/687/cache/bonobo-congo-ziegler_68751_990x742.jpg,1,Auction,0.01,,3,0,55406,Gallery,1,sales@skygroupcloseouts.com,If you need a revised invoice for combined shipping#comma# please contact us before paying so we can adjust the shipping costs.,,,,Flat,6.875,MN,1,0,55406,FedExHomeDelivery,12,1,10,1,4QA582ORG0010,ReturnsAccepted,MoneyBackOrExchange,Days_14,Buyer,Please contact us before returning any item. Items listed AS-IS or For Parts/Repair are not covered by our return policy.  We offer 14 days to return item after receiving it. If item is defective we will supply return shipping label. Item must be returned in original packaging with all accessories included. We also charge a 15% restocking fee for cancelled transactions that are not shipped#comma# or we let it go to eBay as an unpaid bidder case.  Do Not Bid If You Do Not Intend To Follow Through!,,,,US,0,0,0,0,0,1,100,5,2,Days_30,4,1,-1,1,,,,,
649,VerifyAdd,Failure,21916519,#quote#Error - Listing is missing required item specific(s): #quote##quote#Brand#comma# Size Type#comma# Size (Women's)#quote##quote#. Please provide the required item specifics.|Brand#comma# Size Type#comma# Size (Women's)|63861|#quote#,,,,,,,,,,,,,,,,,,,,,,,,,,,,,,4PR543NBLW018,,,,,,,,,,,,VerifyAdd,63861,Westside WmRuffle Jacket Dress Black 18W           ,,<html><body>empty</body></html>,1000,,http://images.nationalgeographic.com/wpf/media-live/photos/000/687/cache/bonobo-congo-ziegler_68751_990x742.jpg,1,Auction,0.01,,3,0,55406,Gallery,1,sales@skygroupcloseouts.com,If you need a revised invoice for combined shipping#comma# please contact us before paying so we can adjust the shipping costs.,,,,Flat,6.875,MN,1,0,55406,FedExHomeDelivery,12,1,10,1,4PR543NBLW018,ReturnsAccepted,MoneyBackOrExchange,Days_14,Buyer,Please contact us before returning any item. Items listed AS-IS or For Parts/Repair are not covered by our return policy.  We offer 14 days to return item after receiving it. If item is defective we will supply return shipping label. Item must be returned in original packaging with all accessories included. We also charge a 15% restocking fee for cancelled transactions that are not shipped#comma# or we let it go to eBay as an unpaid bidder case.  Do Not Bid If You Do Not Intend To Follow Through!,,,,US,0,0,0,0,0,1,100,5,2,Days_30,4,1,-1,1,,,,,
650,VerifyAdd,Failure,21916519,#quote#Error - Listing is missing required item specific(s): #quote##quote#Brand#comma# Size Type#comma# Size (Women's)#quote##quote#. Please provide the required item specifics.|Brand#comma# Size Type#comma# Size (Women's)|63861|#quote#,,,,,,,,,,,,,,,,,,,,,,,,,,,,,,4PR206GTQM014,,,,,,,,,,,,VerifyAdd,63861,Westside MsRuffle Jacket Dress Turquoise 14        ,,<html><body>empty</body></html>,1000,,http://images.nationalgeographic.com/wpf/media-live/photos/000/687/cache/bonobo-congo-ziegler_68751_990x742.jpg,1,Auction,0.01,,3,0,55406,Gallery,1,sales@skygroupcloseouts.com,If you need a revised invoice for combined shipping#comma# please contact us before paying so we can adjust the shipping costs.,,,,Flat,6.875,MN,1,0,55406,FedExHomeDelivery,12,1,10,1,4PR206GTQM014,ReturnsAccepted,MoneyBackOrExchange,Days_14,Buyer,Please contact us before returning any item. Items listed AS-IS or For Parts/Repair are not covered by our return policy.  We offer 14 days to return item after receiving it. If item is defective we will supply return shipping label. Item must be returned in original packaging with all accessories included. We also charge a 15% restocking fee for cancelled transactions that are not shipped#comma# or we let it go to eBay as an unpaid bidder case.  Do Not Bid If You Do Not Intend To Follow Through!,,,,US,0,0,0,0,0,1,100,5,2,Days_30,4,1,-1,1,,,,,
651,VerifyAdd,Failure,21916519,#quote#Error - Listing is missing required item specific(s): #quote##quote#Brand#comma# Size Type#comma# Size (Women's)#quote##quote#. Please provide the required item specifics.|Brand#comma# Size Type#comma# Size (Women's)|63861|#quote#,,,,,,,,,,,,,,,,,,,,,,,,,,,,,,4PS648000ALRG,,,,,,,,,,,,VerifyAdd,63861,WestsideMsZebraPrintPoktSheath Large               ,,<html><body>empty</body></html>,1000,,http://images.nationalgeographic.com/wpf/media-live/photos/000/687/cache/bonobo-congo-ziegler_68751_990x742.jpg,1,Auction,0.01,,3,0,55406,Gallery,1,sales@skygroupcloseouts.com,If you need a revised invoice for combined shipping#comma# please contact us before paying so we can adjust the shipping costs.,,,,Flat,6.875,MN,1,0,55406,FedExHomeDelivery,12,1,10,1,4PS648000ALRG,ReturnsAccepted,MoneyBackOrExchange,Days_14,Buyer,Please contact us before returning any item. Items listed AS-IS or For Parts/Repair are not covered by our return policy.  We offer 14 days to return item after receiving it. If item is defective we will supply return shipping label. Item must be returned in original packaging with all accessories included. We also charge a 15% restocking fee for cancelled transactions that are not shipped#comma# or we let it go to eBay as an unpaid bidder case.  Do Not Bid If You Do Not Intend To Follow Through!,,,,US,0,0,0,0,0,1,100,5,2,Days_30,4,1,-1,1,,,,,
652,VerifyAdd,Failure,21916519,#quote#Error - Listing is missing required item specific(s): #quote##quote#Brand#comma# Size Type#comma# Size (Women's)#quote##quote#. Please provide the required item specifics.|Brand#comma# Size Type#comma# Size (Women's)|63861|#quote#,,,,,,,,,,,,,,,,,,,,,,,,,,,,,,4PS673000W018,,,,,,,,,,,,VerifyAdd,63861,LennieForNinaWmBeltHalter Maxi18W                  ,,<html><body>empty</body></html>,1000,,http://images.nationalgeographic.com/wpf/media-live/photos/000/687/cache/bonobo-congo-ziegler_68751_990x742.jpg,1,Auction,0.01,,3,0,55406,Gallery,1,sales@skygroupcloseouts.com,If you need a revised invoice for combined shipping#comma# please contact us before paying so we can adjust the shipping costs.,,,,Flat,6.875,MN,1,0,55406,FedExHomeDelivery,12,1,10,1,4PS673000W018,ReturnsAccepted,MoneyBackOrExchange,Days_14,Buyer,Please contact us before returning any item. Items listed AS-IS or For Parts/Repair are not covered by our return policy.  We offer 14 days to return item after receiving it. If item is defective we will supply return shipping label. Item must be returned in original packaging with all accessories included. We also charge a 15% restocking fee for cancelled transactions that are not shipped#comma# or we let it go to eBay as an unpaid bidder case.  Do Not Bid If You Do Not Intend To Follow Through!,,,,US,0,0,0,0,0,1,100,5,2,Days_30,4,1,-1,1,,,,,
653,VerifyAdd,Failure,21916519,#quote#Error - Listing is missing required item specific(s): #quote##quote#Brand#comma# Size Type#comma# Size (Women's)#quote##quote#. Please provide the required item specifics.|Brand#comma# Size Type#comma# Size (Women's)|63861|#quote#,,,,,,,,,,,,,,,,,,,,,,,,,,,,,,4QB227GRNA3XL,,,,,,,,,,,,VerifyAdd,63861,Lola P Wm Slvls Printed Dress Green 3 XL           ,,<html><body>empty</body></html>,1000,,http://images.nationalgeographic.com/wpf/media-live/photos/000/687/cache/bonobo-congo-ziegler_68751_990x742.jpg,1,Auction,0.01,,3,0,55406,Gallery,1,sales@skygroupcloseouts.com,If you need a revised invoice for combined shipping#comma# please contact us before paying so we can adjust the shipping costs.,,,,Flat,6.875,MN,1,0,55406,FedExHomeDelivery,12,1,10,1,4QB227GRNA3XL,ReturnsAccepted,MoneyBackOrExchange,Days_14,Buyer,Please contact us before returning any item. Items listed AS-IS or For Parts/Repair are not covered by our return policy.  We offer 14 days to return item after receiving it. If item is defective we will supply return shipping label. Item must be returned in original packaging with all accessories included. We also charge a 15% restocking fee for cancelled transactions that are not shipped#comma# or we let it go to eBay as an unpaid bidder case.  Do Not Bid If You Do Not Intend To Follow Through!,,,,US,0,0,0,0,0,1,100,5,2,Days_30,4,1,-1,1,,,,,
654,VerifyAdd,Failure,21916519,#quote#Error - Listing is missing required item specific(s): #quote##quote#Brand#comma# Size Type#comma# Size (Women's)#quote##quote#. Please provide the required item specifics.|Brand#comma# Size Type#comma# Size (Women's)|63861|#quote#,,,,,,,,,,,,,,,,,,,,,,,,,,,,,,4PF667RED0010,,,,,,,,,,,,VerifyAdd,63861,MyhomeOutAfrica 42#quote#x84#quote# PanelPair-Red              ,,<html><body>empty</body></html>,1000,,http://images.nationalgeographic.com/wpf/media-live/photos/000/687/cache/bonobo-congo-ziegler_68751_990x742.jpg,1,Auction,0.01,,3,0,55406,Gallery,1,sales@skygroupcloseouts.com,If you need a revised invoice for combined shipping#comma# please contact us before paying so we can adjust the shipping costs.,,,,Flat,6.875,MN,1,0,55406,FedExHomeDelivery,12,1,10,1,4PF667RED0010,ReturnsAccepted,MoneyBackOrExchange,Days_14,Buyer,Please contact us before returning any item. Items listed AS-IS or For Parts/Repair are not covered by our return policy.  We offer 14 days to return item after receiving it. If item is defective we will supply return shipping label. Item must be returned in original packaging with all accessories included. We also charge a 15% restocking fee for cancelled transactions that are not shipped#comma# or we let it go to eBay as an unpaid bidder case.  Do Not Bid If You Do Not Intend To Follow Through!,,,,US,0,0,0,0,0,1,100,5,2,Days_30,4,1,-1,1,,,,,
655,VerifyAdd,Failure,21916519,#quote#Error - Listing is missing required item specific(s): #quote##quote#Brand#comma# Size Type#comma# Size (Women's)#quote##quote#. Please provide the required item specifics.|Brand#comma# Size Type#comma# Size (Women's)|63861|#quote#,,,,,,,,,,,,,,,,,,,,,,,,,,,,,,4PW453GLEA2XL,,,,,,,,,,,,VerifyAdd,63861,AB Wm Belted High Low Dress Lime 2 XL              ,,<html><body>empty</body></html>,1000,,http://images.nationalgeographic.com/wpf/media-live/photos/000/687/cache/bonobo-congo-ziegler_68751_990x742.jpg,1,Auction,0.01,,3,0,55406,Gallery,1,sales@skygroupcloseouts.com,If you need a revised invoice for combined shipping#comma# please contact us before paying so we can adjust the shipping costs.,,,,Flat,6.875,MN,1,0,55406,FedExHomeDelivery,12,1,10,1,4PW453GLEA2XL,ReturnsAccepted,MoneyBackOrExchange,Days_14,Buyer,Please contact us before returning any item. Items listed AS-IS or For Parts/Repair are not covered by our return policy.  We offer 14 days to return item after receiving it. If item is defective we will supply return shipping label. Item must be returned in original packaging with all accessories included. We also charge a 15% restocking fee for cancelled transactions that are not shipped#comma# or we let it go to eBay as an unpaid bidder case.  Do Not Bid If You Do Not Intend To Follow Through!,,,,US,0,0,0,0,0,1,100,5,2,Days_30,4,1,-1,1,,,,,
656,VerifyAdd,Failure,21916519,#quote#Error - Listing is missing required item specific(s): #quote##quote#Brand#comma# Size Type#comma# Size (Women's)#quote##quote#. Please provide the required item specifics.|Brand#comma# Size Type#comma# Size (Women's)|63861|#quote#,,,,,,,,,,,,,,,,,,,,,,,,,,,,,,4PV874VLVW022,,,,,,,,,,,,VerifyAdd,63861,Lisa R Wm 3pc Skirt Set w/Cami Lavender 22W        ,,<html><body>empty</body></html>,1000,,http://images.nationalgeographic.com/wpf/media-live/photos/000/687/cache/bonobo-congo-ziegler_68751_990x742.jpg,1,Auction,0.01,,3,0,55406,Gallery,1,sales@skygroupcloseouts.com,If you need a revised invoice for combined shipping#comma# please contact us before paying so we can adjust the shipping costs.,,,,Flat,6.875,MN,1,0,55406,FedExHomeDelivery,12,1,10,1,4PV874VLVW022,ReturnsAccepted,MoneyBackOrExchange,Days_14,Buyer,Please contact us before returning any item. Items listed AS-IS or For Parts/Repair are not covered by our return policy.  We offer 14 days to return item after receiving it. If item is defective we will supply return shipping label. Item must be returned in original packaging with all accessories included. We also charge a 15% restocking fee for cancelled transactions that are not shipped#comma# or we let it go to eBay as an unpaid bidder case.  Do Not Bid If You Do Not Intend To Follow Through!,,,,US,0,0,0,0,0,1,100,5,2,Days_30,4,1,-1,1,,,,,
657,VerifyAdd,Failure,21916519,#quote#Error - Listing is missing required item specific(s): #quote##quote#Brand#comma# Size Type#comma# Size (Women's)#quote##quote#. Please provide the required item specifics.|Brand#comma# Size Type#comma# Size (Women's)|63861|#quote#,,,,,,,,,,,,,,,,,,,,,,,,,,,,,,4PT046GTLAMED,,,,,,,,,,,,VerifyAdd,63861,Lola P Ms Tye Dye Dress Teal Medium                ,,<html><body>empty</body></html>,1000,,http://images.nationalgeographic.com/wpf/media-live/photos/000/687/cache/bonobo-congo-ziegler_68751_990x742.jpg,1,Auction,0.01,,3,0,55406,Gallery,1,sales@skygroupcloseouts.com,If you need a revised invoice for combined shipping#comma# please contact us before paying so we can adjust the shipping costs.,,,,Flat,6.875,MN,1,0,55406,FedExHomeDelivery,12,1,10,1,4PT046GTLAMED,ReturnsAccepted,MoneyBackOrExchange,Days_14,Buyer,Please contact us before returning any item. Items listed AS-IS or For Parts/Repair are not covered by our return policy.  We offer 14 days to return item after receiving it. If item is defective we will supply return shipping label. Item must be returned in original packaging with all accessories included. We also charge a 15% restocking fee for cancelled transactions that are not shipped#comma# or we let it go to eBay as an unpaid bidder case.  Do Not Bid If You Do Not Intend To Follow Through!,,,,US,0,0,0,0,0,1,100,5,2,Days_30,4,1,-1,1,,,,,
658,VerifyAdd,Failure,21916519,#quote#Error - Listing is missing required item specific(s): #quote##quote#Brand#comma# Size Type#comma# Size (Women's)#quote##quote#. Please provide the required item specifics.|Brand#comma# Size Type#comma# Size (Women's)|63861|#quote#,,,,,,,,,,,,,,,,,,,,,,,,,,,,,,4PX386GCLW022,,,,,,,,,,,,VerifyAdd,63861,JessSimpson WmRuffleFrontDress Celery 22W          ,,<html><body>empty</body></html>,1000,,http://images.nationalgeographic.com/wpf/media-live/photos/000/687/cache/bonobo-congo-ziegler_68751_990x742.jpg,1,Auction,0.01,,3,0,55406,Gallery,1,sales@skygroupcloseouts.com,If you need a revised invoice for combined shipping#comma# please contact us before paying so we can adjust the shipping costs.,,,,Flat,6.875,MN,1,0,55406,FedExHomeDelivery,12,1,10,1,4PX386GCLW022,ReturnsAccepted,MoneyBackOrExchange,Days_14,Buyer,Please contact us before returning any item. Items listed AS-IS or For Parts/Repair are not covered by our return policy.  We offer 14 days to return item after receiving it. If item is defective we will supply return shipping label. Item must be returned in original packaging with all accessories included. We also charge a 15% restocking fee for cancelled transactions that are not shipped#comma# or we let it go to eBay as an unpaid bidder case.  Do Not Bid If You Do Not Intend To Follow Through!,,,,US,0,0,0,0,0,1,100,5,2,Days_30,4,1,-1,1,,,,,
659,VerifyAdd,Failure,21916519,#quote#Error - Listing is missing required item specific(s): #quote##quote#Brand#comma# Size Type#comma# Size (Women's)#quote##quote#. Please provide the required item specifics.|Brand#comma# Size Type#comma# Size (Women's)|63861|#quote#,,,,,,,,,,,,,,,,,,,,,,,,,,,,,,4N9103000P322,,,,,,,,,,,,VerifyAdd,63861,Carhartt Bib Overall - Black-32W 32L               ,,<html><body>empty</body></html>,1000,,http://images.nationalgeographic.com/wpf/media-live/photos/000/687/cache/bonobo-congo-ziegler_68751_990x742.jpg,1,Auction,0.01,,3,0,55406,Gallery,1,sales@skygroupcloseouts.com,If you need a revised invoice for combined shipping#comma# please contact us before paying so we can adjust the shipping costs.,,,,Flat,6.875,MN,1,0,55406,FedExHomeDelivery,12,1,10,1,4N9103000P322,ReturnsAccepted,MoneyBackOrExchange,Days_14,Buyer,Please contact us before returning any item. Items listed AS-IS or For Parts/Repair are not covered by our return policy.  We offer 14 days to return item after receiving it. If item is defective we will supply return shipping label. Item must be returned in original packaging with all accessories included. We also charge a 15% restocking fee for cancelled transactions that are not shipped#comma# or we let it go to eBay as an unpaid bidder case.  Do Not Bid If You Do Not Intend To Follow Through!,,,,US,0,0,0,0,0,1,100,5,2,Days_30,4,1,-1,1,,,,,
660,VerifyAdd,Failure,21916519,#quote#Error - Listing is missing required item specific(s): #quote##quote#Brand#comma# Size Type#comma# Size (Women's)#quote##quote#. Please provide the required item specifics.|Brand#comma# Size Type#comma# Size (Women's)|63861|#quote#,,,,,,,,,,,,,,,,,,,,,,,,,,,,,,4PV595000AXLG,,,,,,,,,,,,VerifyAdd,63861,JM Studio Ms Two-fer Dress X Large                 ,,<html><body>empty</body></html>,1000,,http://images.nationalgeographic.com/wpf/media-live/photos/000/687/cache/bonobo-congo-ziegler_68751_990x742.jpg,1,Auction,0.01,,3,0,55406,Gallery,1,sales@skygroupcloseouts.com,If you need a revised invoice for combined shipping#comma# please contact us before paying so we can adjust the shipping costs.,,,,Flat,6.875,MN,1,0,55406,FedExHomeDelivery,12,1,10,1,4PV595000AXLG,ReturnsAccepted,MoneyBackOrExchange,Days_14,Buyer,Please contact us before returning any item. Items listed AS-IS or For Parts/Repair are not covered by our return policy.  We offer 14 days to return item after receiving it. If item is defective we will supply return shipping label. Item must be returned in original packaging with all accessories included. We also charge a 15% restocking fee for cancelled transactions that are not shipped#comma# or we let it go to eBay as an unpaid bidder case.  Do Not Bid If You Do Not Intend To Follow Through!,,,,US,0,0,0,0,0,1,100,5,2,Days_30,4,1,-1,1,,,,,
661,VerifyAdd,Failure,21916519,#quote#Error - Listing is missing required item specific(s): #quote##quote#Brand#comma# Size Type#comma# Size (Women's)#quote##quote#. Please provide the required item specifics.|Brand#comma# Size Type#comma# Size (Women's)|63861|#quote#,,,,,,,,,,,,,,,,,,,,,,,,,,,,,,4PY174BLUKXLG,,,,,,,,,,,,VerifyAdd,63861,Lola P Ms Printed Kimono Dress Blue X-Large        ,,<html><body>empty</body></html>,1000,,http://images.nationalgeographic.com/wpf/media-live/photos/000/687/cache/bonobo-congo-ziegler_68751_990x742.jpg,1,Auction,0.01,,3,0,55406,Gallery,1,sales@skygroupcloseouts.com,If you need a revised invoice for combined shipping#comma# please contact us before paying so we can adjust the shipping costs.,,,,Flat,6.875,MN,1,0,55406,FedExHomeDelivery,12,1,10,1,4PY174BLUKXLG,ReturnsAccepted,MoneyBackOrExchange,Days_14,Buyer,Please contact us before returning any item. Items listed AS-IS or For Parts/Repair are not covered by our return policy.  We offer 14 days to return item after receiving it. If item is defective we will supply return shipping label. Item must be returned in original packaging with all accessories included. We also charge a 15% restocking fee for cancelled transactions that are not shipped#comma# or we let it go to eBay as an unpaid bidder case.  Do Not Bid If You Do Not Intend To Follow Through!,,,,US,0,0,0,0,0,1,100,5,2,Days_30,4,1,-1,1,,,,,
662,VerifyAdd,Failure,21916519,#quote#Error - Listing is missing required item specific(s): #quote##quote#Brand#comma# Size Type#comma# Size (Women's)#quote##quote#. Please provide the required item specifics.|Brand#comma# Size Type#comma# Size (Women's)|63861|#quote#,,,,,,,,,,,,,,,,,,,,,,,,,,,,,,4PR543GTQW016,,,,,,,,,,,,VerifyAdd,63861,Westside WmRuffle Jacket Dress Turquoise 16W       ,,<html><body>empty</body></html>,1000,,http://images.nationalgeographic.com/wpf/media-live/photos/000/687/cache/bonobo-congo-ziegler_68751_990x742.jpg,1,Auction,0.01,,3,0,55406,Gallery,1,sales@skygroupcloseouts.com,If you need a revised invoice for combined shipping#comma# please contact us before paying so we can adjust the shipping costs.,,,,Flat,6.875,MN,1,0,55406,FedExHomeDelivery,12,1,10,1,4PR543GTQW016,ReturnsAccepted,MoneyBackOrExchange,Days_14,Buyer,Please contact us before returning any item. Items listed AS-IS or For Parts/Repair are not covered by our return policy.  We offer 14 days to return item after receiving it. If item is defective we will supply return shipping label. Item must be returned in original packaging with all accessories included. We also charge a 15% restocking fee for cancelled transactions that are not shipped#comma# or we let it go to eBay as an unpaid bidder case.  Do Not Bid If You Do Not Intend To Follow Through!,,,,US,0,0,0,0,0,1,100,5,2,Days_30,4,1,-1,1,,,,,
663,VerifyAdd,Failure,21916519,#quote#Error - Listing is missing required item specific(s): #quote##quote#Brand#comma# Size Type#comma# Size (Women's)#quote##quote#. Please provide the required item specifics.|Brand#comma# Size Type#comma# Size (Women's)|63861|#quote#,,,,,,,,,,,,,,,,,,,,,,,,,,,,,,4PR689000A1XL,,,,,,,,,,,,VerifyAdd,63861,Westside Wm Colorblock MaxiDrs 1X                  ,,<html><body>empty</body></html>,1000,,http://images.nationalgeographic.com/wpf/media-live/photos/000/687/cache/bonobo-congo-ziegler_68751_990x742.jpg,1,Auction,0.01,,3,0,55406,Gallery,1,sales@skygroupcloseouts.com,If you need a revised invoice for combined shipping#comma# please contact us before paying so we can adjust the shipping costs.,,,,Flat,6.875,MN,1,0,55406,FedExHomeDelivery,12,1,10,1,4PR689000A1XL,ReturnsAccepted,MoneyBackOrExchange,Days_14,Buyer,Please contact us before returning any item. Items listed AS-IS or For Parts/Repair are not covered by our return policy.  We offer 14 days to return item after receiving it. If item is defective we will supply return shipping label. Item must be returned in original packaging with all accessories included. We also charge a 15% restocking fee for cancelled transactions that are not shipped#comma# or we let it go to eBay as an unpaid bidder case.  Do Not Bid If You Do Not Intend To Follow Through!,,,,US,0,0,0,0,0,1,100,5,2,Days_30,4,1,-1,1,,,,,
664,VerifyAdd,Failure,21916519,#quote#Error - Listing is missing required item specific(s): #quote##quote#Brand#comma# Size Type#comma# Size (Women's)#quote##quote#. Please provide the required item specifics.|Brand#comma# Size Type#comma# Size (Women's)|63861|#quote#,,,,,,,,,,,,,,,,,,,,,,,,,,,,,,4PK942NBL0010,,,,,,,,,,,,VerifyAdd,63861,Betmar Willow Chenille Cloche Black                ,,<html><body>empty</body></html>,1000,,http://images.nationalgeographic.com/wpf/media-live/photos/000/687/cache/bonobo-congo-ziegler_68751_990x742.jpg,1,Auction,0.01,,3,0,55406,Gallery,1,sales@skygroupcloseouts.com,If you need a revised invoice for combined shipping#comma# please contact us before paying so we can adjust the shipping costs.,,,,Flat,6.875,MN,1,0,55406,FedExHomeDelivery,12,1,10,1,4PK942NBL0010,ReturnsAccepted,MoneyBackOrExchange,Days_14,Buyer,Please contact us before returning any item. Items listed AS-IS or For Parts/Repair are not covered by our return policy.  We offer 14 days to return item after receiving it. If item is defective we will supply return shipping label. Item must be returned in original packaging with all accessories included. We also charge a 15% restocking fee for cancelled transactions that are not shipped#comma# or we let it go to eBay as an unpaid bidder case.  Do Not Bid If You Do Not Intend To Follow Through!,,,,US,0,0,0,0,0,1,100,5,2,Days_30,4,1,-1,1,,,,,
665,VerifyAdd,Failure,21916519,#quote#Error - Listing is missing required item specific(s): #quote##quote#Brand#comma# Size Type#comma# Size (Women's)#quote##quote#. Please provide the required item specifics.|Brand#comma# Size Type#comma# Size (Women's)|63861|#quote#,,,,,,,,,,,,,,,,,,,,,,,,,,,,,,4PW390BLUASML,,,,,,,,,,,,VerifyAdd,63861,Jessica Simpson Ms Flare Dress Blue Small          ,,<html><body>empty</body></html>,1000,,http://images.nationalgeographic.com/wpf/media-live/photos/000/687/cache/bonobo-congo-ziegler_68751_990x742.jpg,1,Auction,0.01,,3,0,55406,Gallery,1,sales@skygroupcloseouts.com,If you need a revised invoice for combined shipping#comma# please contact us before paying so we can adjust the shipping costs.,,,,Flat,6.875,MN,1,0,55406,FedExHomeDelivery,12,1,10,1,4PW390BLUASML,ReturnsAccepted,MoneyBackOrExchange,Days_14,Buyer,Please contact us before returning any item. Items listed AS-IS or For Parts/Repair are not covered by our return policy.  We offer 14 days to return item after receiving it. If item is defective we will supply return shipping label. Item must be returned in original packaging with all accessories included. We also charge a 15% restocking fee for cancelled transactions that are not shipped#comma# or we let it go to eBay as an unpaid bidder case.  Do Not Bid If You Do Not Intend To Follow Through!,,,,US,0,0,0,0,0,1,100,5,2,Days_30,4,1,-1,1,,,,,
666,VerifyAdd,Failure,21916519,#quote#Error - Listing is missing required item specific(s): #quote##quote#Brand#comma# Size Type#comma# Size (Women's)#quote##quote#. Please provide the required item specifics.|Brand#comma# Size Type#comma# Size (Women's)|63861|#quote#,,,,,,,,,,,,,,,,,,,,,,,,,,,,,,4PS693RCOALRG,,,,,,,,,,,,VerifyAdd,63861,DanNicoleMissCrochetDrwstrgDrs Coral Large         ,,<html><body>empty</body></html>,1000,,http://images.nationalgeographic.com/wpf/media-live/photos/000/687/cache/bonobo-congo-ziegler_68751_990x742.jpg,1,Auction,0.01,,3,0,55406,Gallery,1,sales@skygroupcloseouts.com,If you need a revised invoice for combined shipping#comma# please contact us before paying so we can adjust the shipping costs.,,,,Flat,6.875,MN,1,0,55406,FedExHomeDelivery,12,1,10,1,4PS693RCOALRG,ReturnsAccepted,MoneyBackOrExchange,Days_14,Buyer,Please contact us before returning any item. Items listed AS-IS or For Parts/Repair are not covered by our return policy.  We offer 14 days to return item after receiving it. If item is defective we will supply return shipping label. Item must be returned in original packaging with all accessories included. We also charge a 15% restocking fee for cancelled transactions that are not shipped#comma# or we let it go to eBay as an unpaid bidder case.  Do Not Bid If You Do Not Intend To Follow Through!,,,,US,0,0,0,0,0,1,100,5,2,Days_30,4,1,-1,1,,,,,
667,VerifyAdd,Failure,21916519,#quote#Error - Listing is missing required item specific(s): #quote##quote#Brand#comma# Size Type#comma# Size (Women's)#quote##quote#. Please provide the required item specifics.|Brand#comma# Size Type#comma# Size (Women's)|63861|#quote#,,,,,,,,,,,,,,,,,,,,,,,,,,,,,,4PR206NBLM014,,,,,,,,,,,,VerifyAdd,63861,Westside MsRuffle Jacket Dress Black 14            ,,<html><body>empty</body></html>,1000,,http://images.nationalgeographic.com/wpf/media-live/photos/000/687/cache/bonobo-congo-ziegler_68751_990x742.jpg,1,Auction,0.01,,3,0,55406,Gallery,1,sales@skygroupcloseouts.com,If you need a revised invoice for combined shipping#comma# please contact us before paying so we can adjust the shipping costs.,,,,Flat,6.875,MN,1,0,55406,FedExHomeDelivery,12,1,10,1,4PR206NBLM014,ReturnsAccepted,MoneyBackOrExchange,Days_14,Buyer,Please contact us before returning any item. Items listed AS-IS or For Parts/Repair are not covered by our return policy.  We offer 14 days to return item after receiving it. If item is defective we will supply return shipping label. Item must be returned in original packaging with all accessories included. We also charge a 15% restocking fee for cancelled transactions that are not shipped#comma# or we let it go to eBay as an unpaid bidder case.  Do Not Bid If You Do Not Intend To Follow Through!,,,,US,0,0,0,0,0,1,100,5,2,Days_30,4,1,-1,1,,,,,
668,VerifyAdd,Failure,21916519,#quote#Error - Listing is missing required item specific(s): #quote##quote#Brand#comma# Size Type#comma# Size (Women's)#quote##quote#. Please provide the required item specifics.|Brand#comma# Size Type#comma# Size (Women's)|63861|#quote#,,,,,,,,,,,,,,,,,,,,,,,,,,,,,,4PT056000A2XL,,,,,,,,,,,,VerifyAdd,63861,Lola P Wm Aztec Print Maxi 2 XL                    ,,<html><body>empty</body></html>,1000,,http://images.nationalgeographic.com/wpf/media-live/photos/000/687/cache/bonobo-congo-ziegler_68751_990x742.jpg,1,Auction,0.01,,3,0,55406,Gallery,1,sales@skygroupcloseouts.com,If you need a revised invoice for combined shipping#comma# please contact us before paying so we can adjust the shipping costs.,,,,Flat,6.875,MN,1,0,55406,FedExHomeDelivery,12,1,10,1,4PT056000A2XL,ReturnsAccepted,MoneyBackOrExchange,Days_14,Buyer,Please contact us before returning any item. Items listed AS-IS or For Parts/Repair are not covered by our return policy.  We offer 14 days to return item after receiving it. If item is defective we will supply return shipping label. Item must be returned in original packaging with all accessories included. We also charge a 15% restocking fee for cancelled transactions that are not shipped#comma# or we let it go to eBay as an unpaid bidder case.  Do Not Bid If You Do Not Intend To Follow Through!,,,,US,0,0,0,0,0,1,100,5,2,Days_30,4,1,-1,1,,,,,
669,VerifyAdd,Failure,21916519,#quote#Error - Listing is missing required item specific(s): #quote##quote#Brand#comma# Size Type#comma# Size (Women's)#quote##quote#. Please provide the required item specifics.|Brand#comma# Size Type#comma# Size (Women's)|63861|#quote#,,,,,,,,,,,,,,,,,,,,,,,,,,,,,,4PV594VMGA1XL,,,,,,,,,,,,VerifyAdd,63861,JM Studio Wm 2pc SkirtShirtDrs Magenta 1X          ,,<html><body>empty</body></html>,1000,,http://images.nationalgeographic.com/wpf/media-live/photos/000/687/cache/bonobo-congo-ziegler_68751_990x742.jpg,1,Auction,0.01,,3,0,55406,Gallery,1,sales@skygroupcloseouts.com,If you need a revised invoice for combined shipping#comma# please contact us before paying so we can adjust the shipping costs.,,,,Flat,6.875,MN,1,0,55406,FedExHomeDelivery,12,1,10,1,4PV594VMGA1XL,ReturnsAccepted,MoneyBackOrExchange,Days_14,Buyer,Please contact us before returning any item. Items listed AS-IS or For Parts/Repair are not covered by our return policy.  We offer 14 days to return item after receiving it. If item is defective we will supply return shipping label. Item must be returned in original packaging with all accessories included. We also charge a 15% restocking fee for cancelled transactions that are not shipped#comma# or we let it go to eBay as an unpaid bidder case.  Do Not Bid If You Do Not Intend To Follow Through!,,,,US,0,0,0,0,0,1,100,5,2,Days_30,4,1,-1,1,,,,,
670,VerifyAdd,Failure,21916519,#quote#Error - Listing is missing required item specific(s): #quote##quote#Brand#comma# Size Type#comma# Size (Women's)#quote##quote#. Please provide the required item specifics.|Brand#comma# Size Type#comma# Size (Women's)|63861|#quote#,,,,,,,,,,,,,,,,,,,,,,,,,,,,,,4PH1010000010,,,,,,,,,,,,VerifyAdd,63861,McLeland Mykonos 84x84 5pcWindow                   ,,<html><body>empty</body></html>,1000,,http://images.nationalgeographic.com/wpf/media-live/photos/000/687/cache/bonobo-congo-ziegler_68751_990x742.jpg,1,Auction,0.01,,3,0,55406,Gallery,1,sales@skygroupcloseouts.com,If you need a revised invoice for combined shipping#comma# please contact us before paying so we can adjust the shipping costs.,,,,Flat,6.875,MN,1,0,55406,FedExHomeDelivery,12,1,10,1,4PH1010000010,ReturnsAccepted,MoneyBackOrExchange,Days_14,Buyer,Please contact us before returning any item. Items listed AS-IS or For Parts/Repair are not covered by our return policy.  We offer 14 days to return item after receiving it. If item is defective we will supply return shipping label. Item must be returned in original packaging with all accessories included. We also charge a 15% restocking fee for cancelled transactions that are not shipped#comma# or we let it go to eBay as an unpaid bidder case.  Do Not Bid If You Do Not Intend To Follow Through!,,,,US,0,0,0,0,0,1,100,5,2,Days_30,4,1,-1,1,,,,,
671,VerifyAdd,Failure,21916519,#quote#Error - Listing is missing required item specific(s): #quote##quote#Brand#comma# Size Type#comma# Size (Women's)#quote##quote#. Please provide the required item specifics.|Brand#comma# Size Type#comma# Size (Women's)|63861|#quote#,,,,,,,,,,,,,,,,,,,,,,,,,,,,,,4PZ164NSAAMED,,,,,,,,,,,,VerifyAdd,63861,Jessica Simpson Ms Lace Tank Sand Medium           ,,<html><body>empty</body></html>,1000,,http://images.nationalgeographic.com/wpf/media-live/photos/000/687/cache/bonobo-congo-ziegler_68751_990x742.jpg,1,Auction,0.01,,3,0,55406,Gallery,1,sales@skygroupcloseouts.com,If you need a revised invoice for combined shipping#comma# please contact us before paying so we can adjust the shipping costs.,,,,Flat,6.875,MN,1,0,55406,FedExHomeDelivery,12,1,10,1,4PZ164NSAAMED,ReturnsAccepted,MoneyBackOrExchange,Days_14,Buyer,Please contact us before returning any item. Items listed AS-IS or For Parts/Repair are not covered by our return policy.  We offer 14 days to return item after receiving it. If item is defective we will supply return shipping label. Item must be returned in original packaging with all accessories included. We also charge a 15% restocking fee for cancelled transactions that are not shipped#comma# or we let it go to eBay as an unpaid bidder case.  Do Not Bid If You Do Not Intend To Follow Through!,,,,US,0,0,0,0,0,1,100,5,2,Days_30,4,1,-1,1,,,,,
672,VerifyAdd,Failure,21916519,#quote#Error - Listing is missing required item specific(s): #quote##quote#Brand#comma# Size Type#comma# Size (Women's)#quote##quote#. Please provide the required item specifics.|Brand#comma# Size Type#comma# Size (Women's)|63861|#quote#,,,,,,,,,,,,,,,,,,,,,,,,,,,,,,4PX107NOW0010,,,,,,,,,,,,VerifyAdd,63861,Franco Sarto Piza Leather Satchel Off White        ,,<html><body>empty</body></html>,1000,,http://images.nationalgeographic.com/wpf/media-live/photos/000/687/cache/bonobo-congo-ziegler_68751_990x742.jpg,1,Auction,0.01,,3,0,55406,Gallery,1,sales@skygroupcloseouts.com,If you need a revised invoice for combined shipping#comma# please contact us before paying so we can adjust the shipping costs.,,,,Flat,6.875,MN,1,0,55406,FedExHomeDelivery,12,1,10,1,4PX107NOW0010,ReturnsAccepted,MoneyBackOrExchange,Days_14,Buyer,Please contact us before returning any item. Items listed AS-IS or For Parts/Repair are not covered by our return policy.  We offer 14 days to return item after receiving it. If item is defective we will supply return shipping label. Item must be returned in original packaging with all accessories included. We also charge a 15% restocking fee for cancelled transactions that are not shipped#comma# or we let it go to eBay as an unpaid bidder case.  Do Not Bid If You Do Not Intend To Follow Through!,,,,US,0,0,0,0,0,1,100,5,2,Days_30,4,1,-1,1,,,,,
673,VerifyAdd,Failure,21916519,#quote#Error - Listing is missing required item specific(s): #quote##quote#Brand#comma# Size Type#comma# Size (Women's)#quote##quote#. Please provide the required item specifics.|Brand#comma# Size Type#comma# Size (Women's)|63861|#quote#,,,,,,,,,,,,,,,,,,,,,,,,,,,,,,4PX085PFL0010,,,,,,,,,,,,VerifyAdd,63861,Relic Avondale Zip Mini Floral Print               ,,<html><body>empty</body></html>,1000,,http://images.nationalgeographic.com/wpf/media-live/photos/000/687/cache/bonobo-congo-ziegler_68751_990x742.jpg,1,Auction,0.01,,3,0,55406,Gallery,1,sales@skygroupcloseouts.com,If you need a revised invoice for combined shipping#comma# please contact us before paying so we can adjust the shipping costs.,,,,Flat,6.875,MN,1,0,55406,FedExHomeDelivery,12,1,10,1,4PX085PFL0010,ReturnsAccepted,MoneyBackOrExchange,Days_14,Buyer,Please contact us before returning any item. Items listed AS-IS or For Parts/Repair are not covered by our return policy.  We offer 14 days to return item after receiving it. If item is defective we will supply return shipping label. Item must be returned in original packaging with all accessories included. We also charge a 15% restocking fee for cancelled transactions that are not shipped#comma# or we let it go to eBay as an unpaid bidder case.  Do Not Bid If You Do Not Intend To Follow Through!,,,,US,0,0,0,0,0,1,100,5,2,Days_30,4,1,-1,1,,,,,
674,VerifyAdd,Failure,21916519,#quote#Error - Listing is missing required item specific(s): #quote##quote#Brand#comma# Size Type#comma# Size (Women's)#quote##quote#. Please provide the required item specifics.|Brand#comma# Size Type#comma# Size (Women's)|63861|#quote#,,,,,,,,,,,,,,,,,,,,,,,,,,,,,,4PX385GCLM010,,,,,,,,,,,,VerifyAdd,63861,JessSimpson MsRuffleFrontDress Celery 10           ,,<html><body>empty</body></html>,1000,,http://images.nationalgeographic.com/wpf/media-live/photos/000/687/cache/bonobo-congo-ziegler_68751_990x742.jpg,1,Auction,0.01,,3,0,55406,Gallery,1,sales@skygroupcloseouts.com,If you need a revised invoice for combined shipping#comma# please contact us before paying so we can adjust the shipping costs.,,,,Flat,6.875,MN,1,0,55406,FedExHomeDelivery,12,1,10,1,4PX385GCLM010,ReturnsAccepted,MoneyBackOrExchange,Days_14,Buyer,Please contact us before returning any item. Items listed AS-IS or For Parts/Repair are not covered by our return policy.  We offer 14 days to return item after receiving it. If item is defective we will supply return shipping label. Item must be returned in original packaging with all accessories included. We also charge a 15% restocking fee for cancelled transactions that are not shipped#comma# or we let it go to eBay as an unpaid bidder case.  Do Not Bid If You Do Not Intend To Follow Through!,,,,US,0,0,0,0,0,1,100,5,2,Days_30,4,1,-1,1,,,,,
675,VerifyAdd,Failure,21916519,#quote#Error - Listing is missing required item specific(s): #quote##quote#Brand#comma# Size Type#comma# Size (Women's)#quote##quote#. Please provide the required item specifics.|Brand#comma# Size Type#comma# Size (Women's)|63861|#quote#,,,,,,,,,,,,,,,,,,,,,,,,,,,,,,4PS556000M014,,,,,,,,,,,,VerifyAdd,63861,Westside Ms Ruffle Dot Dress 14                    ,,<html><body>empty</body></html>,1000,,http://images.nationalgeographic.com/wpf/media-live/photos/000/687/cache/bonobo-congo-ziegler_68751_990x742.jpg,1,Auction,0.01,,3,0,55406,Gallery,1,sales@skygroupcloseouts.com,If you need a revised invoice for combined shipping#comma# please contact us before paying so we can adjust the shipping costs.,,,,Flat,6.875,MN,1,0,55406,FedExHomeDelivery,12,1,10,1,4PS556000M014,ReturnsAccepted,MoneyBackOrExchange,Days_14,Buyer,Please contact us before returning any item. Items listed AS-IS or For Parts/Repair are not covered by our return policy.  We offer 14 days to return item after receiving it. If item is defective we will supply return shipping label. Item must be returned in original packaging with all accessories included. We also charge a 15% restocking fee for cancelled transactions that are not shipped#comma# or we let it go to eBay as an unpaid bidder case.  Do Not Bid If You Do Not Intend To Follow Through!,,,,US,0,0,0,0,0,1,100,5,2,Days_30,4,1,-1,1,,,,,
676,VerifyAdd,Failure,21916519,#quote#Error - Listing is missing required item specific(s): #quote##quote#Brand#comma# Size Type#comma# Size (Women's)#quote##quote#. Please provide the required item specifics.|Brand#comma# Size Type#comma# Size (Women's)|63861|#quote#,,,,,,,,,,,,,,,,,,,,,,,,,,,,,,4PS614BRYM018,,,,,,,,,,,,VerifyAdd,63861,Westside Ms Peplum JacketDress Royal 18            ,,<html><body>empty</body></html>,1000,,http://images.nationalgeographic.com/wpf/media-live/photos/000/687/cache/bonobo-congo-ziegler_68751_990x742.jpg,1,Auction,0.01,,3,0,55406,Gallery,1,sales@skygroupcloseouts.com,If you need a revised invoice for combined shipping#comma# please contact us before paying so we can adjust the shipping costs.,,,,Flat,6.875,MN,1,0,55406,FedExHomeDelivery,12,1,10,1,4PS614BRYM018,ReturnsAccepted,MoneyBackOrExchange,Days_14,Buyer,Please contact us before returning any item. Items listed AS-IS or For Parts/Repair are not covered by our return policy.  We offer 14 days to return item after receiving it. If item is defective we will supply return shipping label. Item must be returned in original packaging with all accessories included. We also charge a 15% restocking fee for cancelled transactions that are not shipped#comma# or we let it go to eBay as an unpaid bidder case.  Do Not Bid If You Do Not Intend To Follow Through!,,,,US,0,0,0,0,0,1,100,5,2,Days_30,4,1,-1,1,,,,,
677,VerifyAdd,Failure,21916519,#quote#Error - Listing is missing required item specific(s): #quote##quote#Brand#comma# Size Type#comma# Size (Women's)#quote##quote#. Please provide the required item specifics.|Brand#comma# Size Type#comma# Size (Women's)|63861|#quote#,,,,,,,,,,,,,,,,,,,,,,,,,,,,,,4PY946BLUA1XL,,,,,,,,,,,,VerifyAdd,63861,AppleBottomsWmSweaterMaxiDress Blue 1X             ,,<html><body>empty</body></html>,1000,,http://images.nationalgeographic.com/wpf/media-live/photos/000/687/cache/bonobo-congo-ziegler_68751_990x742.jpg,1,Auction,0.01,,3,0,55406,Gallery,1,sales@skygroupcloseouts.com,If you need a revised invoice for combined shipping#comma# please contact us before paying so we can adjust the shipping costs.,,,,Flat,6.875,MN,1,0,55406,FedExHomeDelivery,12,1,10,1,4PY946BLUA1XL,ReturnsAccepted,MoneyBackOrExchange,Days_14,Buyer,Please contact us before returning any item. Items listed AS-IS or For Parts/Repair are not covered by our return policy.  We offer 14 days to return item after receiving it. If item is defective we will supply return shipping label. Item must be returned in original packaging with all accessories included. We also charge a 15% restocking fee for cancelled transactions that are not shipped#comma# or we let it go to eBay as an unpaid bidder case.  Do Not Bid If You Do Not Intend To Follow Through!,,,,US,0,0,0,0,0,1,100,5,2,Days_30,4,1,-1,1,,,,,
678,VerifyAdd,Failure,21916519,#quote#Error - Listing is missing required item specific(s): #quote##quote#Brand#comma# Size Type#comma# Size (Women's)#quote##quote#. Please provide the required item specifics.|Brand#comma# Size Type#comma# Size (Women's)|63861|#quote#,,,,,,,,,,,,,,,,,,,,,,,,,,,,,,4PS664YELALRG,,,,,,,,,,,,VerifyAdd,63861,Lola P Ms Sharkbite Tunic Yellow Large             ,,<html><body>empty</body></html>,1000,,http://images.nationalgeographic.com/wpf/media-live/photos/000/687/cache/bonobo-congo-ziegler_68751_990x742.jpg,1,Auction,0.01,,3,0,55406,Gallery,1,sales@skygroupcloseouts.com,If you need a revised invoice for combined shipping#comma# please contact us before paying so we can adjust the shipping costs.,,,,Flat,6.875,MN,1,0,55406,FedExHomeDelivery,12,1,10,1,4PS664YELALRG,ReturnsAccepted,MoneyBackOrExchange,Days_14,Buyer,Please contact us before returning any item. Items listed AS-IS or For Parts/Repair are not covered by our return policy.  We offer 14 days to return item after receiving it. If item is defective we will supply return shipping label. Item must be returned in original packaging with all accessories included. We also charge a 15% restocking fee for cancelled transactions that are not shipped#comma# or we let it go to eBay as an unpaid bidder case.  Do Not Bid If You Do Not Intend To Follow Through!,,,,US,0,0,0,0,0,1,100,5,2,Days_30,4,1,-1,1,,,,,
679,VerifyAdd,Failure,21916519,#quote#Error - Listing is missing required item specific(s): #quote##quote#Brand#comma# Size Type#comma# Size (Women's)#quote##quote#. Please provide the required item specifics.|Brand#comma# Size Type#comma# Size (Women's)|63861|#quote#,,,,,,,,,,,,,,,,,,,,,,,,,,,,,,4PW434GLEDFM0,,,,,,,,,,,,VerifyAdd,63861,AB Ms Belted High Low Dress Lime Medium            ,,<html><body>empty</body></html>,1000,,http://images.nationalgeographic.com/wpf/media-live/photos/000/687/cache/bonobo-congo-ziegler_68751_990x742.jpg,1,Auction,0.01,,3,0,55406,Gallery,1,sales@skygroupcloseouts.com,If you need a revised invoice for combined shipping#comma# please contact us before paying so we can adjust the shipping costs.,,,,Flat,6.875,MN,1,0,55406,FedExHomeDelivery,12,1,10,1,4PW434GLEDFM0,ReturnsAccepted,MoneyBackOrExchange,Days_14,Buyer,Please contact us before returning any item. Items listed AS-IS or For Parts/Repair are not covered by our return policy.  We offer 14 days to return item after receiving it. If item is defective we will supply return shipping label. Item must be returned in original packaging with all accessories included. We also charge a 15% restocking fee for cancelled transactions that are not shipped#comma# or we let it go to eBay as an unpaid bidder case.  Do Not Bid If You Do Not Intend To Follow Through!,,,,US,0,0,0,0,0,1,100,5,2,Days_30,4,1,-1,1,,,,,
680,VerifyAdd,Failure,21916519,#quote#Error - Listing is missing required item specific(s): #quote##quote#Brand#comma# Size Type#comma# Size (Women's)#quote##quote#. Please provide the required item specifics.|Brand#comma# Size Type#comma# Size (Women's)|63861|#quote#,,,,,,,,,,,,,,,,,,,,,,,,,,,,,,4QG698BDNW016,,,,,,,,,,,,VerifyAdd,63861,Coogi Wm Print Pocket Short Denim 16W              ,,<html><body>empty</body></html>,1000,,http://images.nationalgeographic.com/wpf/media-live/photos/000/687/cache/bonobo-congo-ziegler_68751_990x742.jpg,1,Auction,0.01,,3,0,55406,Gallery,1,sales@skygroupcloseouts.com,If you need a revised invoice for combined shipping#comma# please contact us before paying so we can adjust the shipping costs.,,,,Flat,6.875,MN,1,0,55406,FedExHomeDelivery,12,1,10,1,4QG698BDNW016,ReturnsAccepted,MoneyBackOrExchange,Days_14,Buyer,Please contact us before returning any item. Items listed AS-IS or For Parts/Repair are not covered by our return policy.  We offer 14 days to return item after receiving it. If item is defective we will supply return shipping label. Item must be returned in original packaging with all accessories included. We also charge a 15% restocking fee for cancelled transactions that are not shipped#comma# or we let it go to eBay as an unpaid bidder case.  Do Not Bid If You Do Not Intend To Follow Through!,,,,US,0,0,0,0,0,1,100,5,2,Days_30,4,1,-1,1,,,,,
681,VerifyAdd,Failure,21916519,#quote#Error - Listing is missing required item specific(s): #quote##quote#Brand#comma# Size Type#comma# Size (Women's)#quote##quote#. Please provide the required item specifics.|Brand#comma# Size Type#comma# Size (Women's)|63861|#quote#,,,,,,,,,,,,,,,,,,,,,,,,,,,,,,4PW453RPKA1XL,,,,,,,,,,,,VerifyAdd,63861,AB Wm Belted High Low Dress Pink 1X                ,,<html><body>empty</body></html>,1000,,http://images.nationalgeographic.com/wpf/media-live/photos/000/687/cache/bonobo-congo-ziegler_68751_990x742.jpg,1,Auction,0.01,,3,0,55406,Gallery,1,sales@skygroupcloseouts.com,If you need a revised invoice for combined shipping#comma# please contact us before paying so we can adjust the shipping costs.,,,,Flat,6.875,MN,1,0,55406,FedExHomeDelivery,12,1,10,1,4PW453RPKA1XL,ReturnsAccepted,MoneyBackOrExchange,Days_14,Buyer,Please contact us before returning any item. Items listed AS-IS or For Parts/Repair are not covered by our return policy.  We offer 14 days to return item after receiving it. If item is defective we will supply return shipping label. Item must be returned in original packaging with all accessories included. We also charge a 15% restocking fee for cancelled transactions that are not shipped#comma# or we let it go to eBay as an unpaid bidder case.  Do Not Bid If You Do Not Intend To Follow Through!,,,,US,0,0,0,0,0,1,100,5,2,Days_30,4,1,-1,1,,,,,
682,VerifyAdd,Failure,21916519,#quote#Error - Listing is missing required item specific(s): #quote##quote#Brand#comma# Size Type#comma# Size (Women's)#quote##quote#. Please provide the required item specifics.|Brand#comma# Size Type#comma# Size (Women's)|63861|#quote#,,,,,,,,,,,,,,,,,,,,,,,,,,,,,,4PX388NBLALRG,,,,,,,,,,,,VerifyAdd,63861,JessSimp Ms One Shoulder Dress Black Large         ,,<html><body>empty</body></html>,1000,,http://images.nationalgeographic.com/wpf/media-live/photos/000/687/cache/bonobo-congo-ziegler_68751_990x742.jpg,1,Auction,0.01,,3,0,55406,Gallery,1,sales@skygroupcloseouts.com,If you need a revised invoice for combined shipping#comma# please contact us before paying so we can adjust the shipping costs.,,,,Flat,6.875,MN,1,0,55406,FedExHomeDelivery,12,1,10,1,4PX388NBLALRG,ReturnsAccepted,MoneyBackOrExchange,Days_14,Buyer,Please contact us before returning any item. Items listed AS-IS or For Parts/Repair are not covered by our return policy.  We offer 14 days to return item after receiving it. If item is defective we will supply return shipping label. Item must be returned in original packaging with all accessories included. We also charge a 15% restocking fee for cancelled transactions that are not shipped#comma# or we let it go to eBay as an unpaid bidder case.  Do Not Bid If You Do Not Intend To Follow Through!,,,,US,0,0,0,0,0,1,100,5,2,Days_30,4,1,-1,1,,,,,
683,VerifyAdd,Failure,21916519,#quote#Error - Listing is missing required item specific(s): #quote##quote#Brand#comma# Size Type#comma# Size (Women's)#quote##quote#. Please provide the required item specifics.|Brand#comma# Size Type#comma# Size (Women's)|63861|#quote#,,,,,,,,,,,,,,,,,,,,,,,,,,,,,,4PR543NBLW024,,,,,,,,,,,,VerifyAdd,63861,Westside WmRuffle Jacket Dress Black 24W           ,,<html><body>empty</body></html>,1000,,http://images.nationalgeographic.com/wpf/media-live/photos/000/687/cache/bonobo-congo-ziegler_68751_990x742.jpg,1,Auction,0.01,,3,0,55406,Gallery,1,sales@skygroupcloseouts.com,If you need a revised invoice for combined shipping#comma# please contact us before paying so we can adjust the shipping costs.,,,,Flat,6.875,MN,1,0,55406,FedExHomeDelivery,12,1,10,1,4PR543NBLW024,ReturnsAccepted,MoneyBackOrExchange,Days_14,Buyer,Please contact us before returning any item. Items listed AS-IS or For Parts/Repair are not covered by our return policy.  We offer 14 days to return item after receiving it. If item is defective we will supply return shipping label. Item must be returned in original packaging with all accessories included. We also charge a 15% restocking fee for cancelled transactions that are not shipped#comma# or we let it go to eBay as an unpaid bidder case.  Do Not Bid If You Do Not Intend To Follow Through!,,,,US,0,0,0,0,0,1,100,5,2,Days_30,4,1,-1,1,,,,,
684,VerifyAdd,Failure,21916519,#quote#Error - Listing is missing required item specific(s): #quote##quote#Brand#comma# Size Type#comma# Size (Women's)#quote##quote#. Please provide the required item specifics.|Brand#comma# Size Type#comma# Size (Women's)|63861|#quote#,,,,,,,,,,,,,,,,,,,,,,,,,,,,,,4PL0320000010,,,,,,,,,,,,VerifyAdd,63861,Darcy 14#quote#x14#quote# Pillow                               ,,<html><body>empty</body></html>,1000,,http://images.nationalgeographic.com/wpf/media-live/photos/000/687/cache/bonobo-congo-ziegler_68751_990x742.jpg,1,Auction,0.01,,3,0,55406,Gallery,1,sales@skygroupcloseouts.com,If you need a revised invoice for combined shipping#comma# please contact us before paying so we can adjust the shipping costs.,,,,Flat,6.875,MN,1,0,55406,FedExHomeDelivery,12,1,10,1,4PL0320000010,ReturnsAccepted,MoneyBackOrExchange,Days_14,Buyer,Please contact us before returning any item. Items listed AS-IS or For Parts/Repair are not covered by our return policy.  We offer 14 days to return item after receiving it. If item is defective we will supply return shipping label. Item must be returned in original packaging with all accessories included. We also charge a 15% restocking fee for cancelled transactions that are not shipped#comma# or we let it go to eBay as an unpaid bidder case.  Do Not Bid If You Do Not Intend To Follow Through!,,,,US,0,0,0,0,0,1,100,5,2,Days_30,4,1,-1,1,,,,,
685,VerifyAdd,Failure,21916519,#quote#Error - Listing is missing required item specific(s): #quote##quote#Brand#comma# Size Type#comma# Size (Women's)#quote##quote#. Please provide the required item specifics.|Brand#comma# Size Type#comma# Size (Women's)|63861|#quote#,,,,,,,,,,,,,,,,,,,,,,,,,,,,,,4PS693NWHALRG,,,,,,,,,,,,VerifyAdd,63861,DanNicoleMissCrochetDrwstrgDrs White Large         ,,<html><body>empty</body></html>,1000,,http://images.nationalgeographic.com/wpf/media-live/photos/000/687/cache/bonobo-congo-ziegler_68751_990x742.jpg,1,Auction,0.01,,3,0,55406,Gallery,1,sales@skygroupcloseouts.com,If you need a revised invoice for combined shipping#comma# please contact us before paying so we can adjust the shipping costs.,,,,Flat,6.875,MN,1,0,55406,FedExHomeDelivery,12,1,10,1,4PS693NWHALRG,ReturnsAccepted,MoneyBackOrExchange,Days_14,Buyer,Please contact us before returning any item. Items listed AS-IS or For Parts/Repair are not covered by our return policy.  We offer 14 days to return item after receiving it. If item is defective we will supply return shipping label. Item must be returned in original packaging with all accessories included. We also charge a 15% restocking fee for cancelled transactions that are not shipped#comma# or we let it go to eBay as an unpaid bidder case.  Do Not Bid If You Do Not Intend To Follow Through!,,,,US,0,0,0,0,0,1,100,5,2,Days_30,4,1,-1,1,,,,,
686,VerifyAdd,Failure,21916519,#quote#Error - Listing is missing required item specific(s): #quote##quote#Brand#comma# Size Type#comma# Size (Women's)#quote##quote#. Please provide the required item specifics.|Brand#comma# Size Type#comma# Size (Women's)|63861|#quote#,,,,,,,,,,,,,,,,,,,,,,,,,,,,,,4PX662NTP0010,,,,,,,,,,,,VerifyAdd,63861,Relic Montclare Pble Zip Chkbk Taupe               ,,<html><body>empty</body></html>,1000,,http://images.nationalgeographic.com/wpf/media-live/photos/000/687/cache/bonobo-congo-ziegler_68751_990x742.jpg,1,Auction,0.01,,3,0,55406,Gallery,1,sales@skygroupcloseouts.com,If you need a revised invoice for combined shipping#comma# please contact us before paying so we can adjust the shipping costs.,,,,Flat,6.875,MN,1,0,55406,FedExHomeDelivery,12,1,10,1,4PX662NTP0010,ReturnsAccepted,MoneyBackOrExchange,Days_14,Buyer,Please contact us before returning any item. Items listed AS-IS or For Parts/Repair are not covered by our return policy.  We offer 14 days to return item after receiving it. If item is defective we will supply return shipping label. Item must be returned in original packaging with all accessories included. We also charge a 15% restocking fee for cancelled transactions that are not shipped#comma# or we let it go to eBay as an unpaid bidder case.  Do Not Bid If You Do Not Intend To Follow Through!,,,,US,0,0,0,0,0,1,100,5,2,Days_30,4,1,-1,1,,,,,
687,VerifyAdd,Failure,21916519,#quote#Error - Listing is missing required item specific(s): #quote##quote#Brand#comma# Size Type#comma# Size (Women's)#quote##quote#. Please provide the required item specifics.|Brand#comma# Size Type#comma# Size (Women's)|63861|#quote#,,,,,,,,,,,,,,,,,,,,,,,,,,,,,,4PS677000M008,,,,,,,,,,,,VerifyAdd,63861,RonniNicole Coral PaisleyDress 8                   ,,<html><body>empty</body></html>,1000,,http://images.nationalgeographic.com/wpf/media-live/photos/000/687/cache/bonobo-congo-ziegler_68751_990x742.jpg,1,Auction,0.01,,3,0,55406,Gallery,1,sales@skygroupcloseouts.com,If you need a revised invoice for combined shipping#comma# please contact us before paying so we can adjust the shipping costs.,,,,Flat,6.875,MN,1,0,55406,FedExHomeDelivery,12,1,10,1,4PS677000M008,ReturnsAccepted,MoneyBackOrExchange,Days_14,Buyer,Please contact us before returning any item. Items listed AS-IS or For Parts/Repair are not covered by our return policy.  We offer 14 days to return item after receiving it. If item is defective we will supply return shipping label. Item must be returned in original packaging with all accessories included. We also charge a 15% restocking fee for cancelled transactions that are not shipped#comma# or we let it go to eBay as an unpaid bidder case.  Do Not Bid If You Do Not Intend To Follow Through!,,,,US,0,0,0,0,0,1,100,5,2,Days_30,4,1,-1,1,,,,,
688,VerifyAdd,Failure,21916519,#quote#Error - Listing is missing required item specific(s): #quote##quote#Brand#comma# Size Type#comma# Size (Women's)#quote##quote#. Please provide the required item specifics.|Brand#comma# Size Type#comma# Size (Women's)|63861|#quote#,,,,,,,,,,,,,,,,,,,,,,,,,,,,,,4PV593NBLSM01,,,,,,,,,,,,VerifyAdd,63861,JM Studio Ms 2pc SkirtShirtDrs Black Medium        ,,<html><body>empty</body></html>,1000,,http://images.nationalgeographic.com/wpf/media-live/photos/000/687/cache/bonobo-congo-ziegler_68751_990x742.jpg,1,Auction,0.01,,3,0,55406,Gallery,1,sales@skygroupcloseouts.com,If you need a revised invoice for combined shipping#comma# please contact us before paying so we can adjust the shipping costs.,,,,Flat,6.875,MN,1,0,55406,FedExHomeDelivery,12,1,10,1,4PV593NBLSM01,ReturnsAccepted,MoneyBackOrExchange,Days_14,Buyer,Please contact us before returning any item. Items listed AS-IS or For Parts/Repair are not covered by our return policy.  We offer 14 days to return item after receiving it. If item is defective we will supply return shipping label. Item must be returned in original packaging with all accessories included. We also charge a 15% restocking fee for cancelled transactions that are not shipped#comma# or we let it go to eBay as an unpaid bidder case.  Do Not Bid If You Do Not Intend To Follow Through!,,,,US,0,0,0,0,0,1,100,5,2,Days_30,4,1,-1,1,,,,,
689,VerifyAdd,Failure,21916519,#quote#Error - Listing is missing required item specific(s): #quote##quote#Brand#comma# Size Type#comma# Size (Women's)#quote##quote#. Please provide the required item specifics.|Brand#comma# Size Type#comma# Size (Women's)|63861|#quote#,,,,,,,,,,,,,,,,,,,,,,,,,,,,,,4PW391BLUA2XL,,,,,,,,,,,,VerifyAdd,63861,Jessica Simpson Wm Flare Dress Blue 2 XL           ,,<html><body>empty</body></html>,1000,,http://images.nationalgeographic.com/wpf/media-live/photos/000/687/cache/bonobo-congo-ziegler_68751_990x742.jpg,1,Auction,0.01,,3,0,55406,Gallery,1,sales@skygroupcloseouts.com,If you need a revised invoice for combined shipping#comma# please contact us before paying so we can adjust the shipping costs.,,,,Flat,6.875,MN,1,0,55406,FedExHomeDelivery,12,1,10,1,4PW391BLUA2XL,ReturnsAccepted,MoneyBackOrExchange,Days_14,Buyer,Please contact us before returning any item. Items listed AS-IS or For Parts/Repair are not covered by our return policy.  We offer 14 days to return item after receiving it. If item is defective we will supply return shipping label. Item must be returned in original packaging with all accessories included. We also charge a 15% restocking fee for cancelled transactions that are not shipped#comma# or we let it go to eBay as an unpaid bidder case.  Do Not Bid If You Do Not Intend To Follow Through!,,,,US,0,0,0,0,0,1,100,5,2,Days_30,4,1,-1,1,,,,,
690,VerifyAdd,Failure,21916519,#quote#Error - Listing is missing required item specific(s): #quote##quote#Brand#comma# Size Type#comma# Size (Women's)#quote##quote#. Please provide the required item specifics.|Brand#comma# Size Type#comma# Size (Women's)|63861|#quote#,,,,,,,,,,,,,,,,,,,,,,,,,,,,,,4PW390BLUAMED,,,,,,,,,,,,VerifyAdd,63861,Jessica Simpson Ms Flare Dress Blue Medium         ,,<html><body>empty</body></html>,1000,,http://images.nationalgeographic.com/wpf/media-live/photos/000/687/cache/bonobo-congo-ziegler_68751_990x742.jpg,1,Auction,0.01,,3,0,55406,Gallery,1,sales@skygroupcloseouts.com,If you need a revised invoice for combined shipping#comma# please contact us before paying so we can adjust the shipping costs.,,,,Flat,6.875,MN,1,0,55406,FedExHomeDelivery,12,1,10,1,4PW390BLUAMED,ReturnsAccepted,MoneyBackOrExchange,Days_14,Buyer,Please contact us before returning any item. Items listed AS-IS or For Parts/Repair are not covered by our return policy.  We offer 14 days to return item after receiving it. If item is defective we will supply return shipping label. Item must be returned in original packaging with all accessories included. We also charge a 15% restocking fee for cancelled transactions that are not shipped#comma# or we let it go to eBay as an unpaid bidder case.  Do Not Bid If You Do Not Intend To Follow Through!,,,,US,0,0,0,0,0,1,100,5,2,Days_30,4,1,-1,1,,,,,
691,VerifyAdd,Failure,21916519,#quote#Error - Listing is missing required item specific(s): #quote##quote#Brand#comma# Size Type#comma# Size (Women's)#quote##quote#. Please provide the required item specifics.|Brand#comma# Size Type#comma# Size (Women's)|63861|#quote#,,,,,,,,,,,,,,,,,,,,,,,,,,,,,,4PS744ORGALRG,,,,,,,,,,,,VerifyAdd,63861,Westside Ms Sunflower Maxi Orange Large            ,,<html><body>empty</body></html>,1000,,http://images.nationalgeographic.com/wpf/media-live/photos/000/687/cache/bonobo-congo-ziegler_68751_990x742.jpg,1,Auction,0.01,,3,0,55406,Gallery,1,sales@skygroupcloseouts.com,If you need a revised invoice for combined shipping#comma# please contact us before paying so we can adjust the shipping costs.,,,,Flat,6.875,MN,1,0,55406,FedExHomeDelivery,12,1,10,1,4PS744ORGALRG,ReturnsAccepted,MoneyBackOrExchange,Days_14,Buyer,Please contact us before returning any item. Items listed AS-IS or For Parts/Repair are not covered by our return policy.  We offer 14 days to return item after receiving it. If item is defective we will supply return shipping label. Item must be returned in original packaging with all accessories included. We also charge a 15% restocking fee for cancelled transactions that are not shipped#comma# or we let it go to eBay as an unpaid bidder case.  Do Not Bid If You Do Not Intend To Follow Through!,,,,US,0,0,0,0,0,1,100,5,2,Days_30,4,1,-1,1,,,,,
692,VerifyAdd,Failure,21916519,#quote#Error - Listing is missing required item specific(s): #quote##quote#Brand#comma# Size Type#comma# Size (Women's)#quote##quote#. Please provide the required item specifics.|Brand#comma# Size Type#comma# Size (Women's)|63861|#quote#,,,,,,,,,,,,,,,,,,,,,,,,,,,,,,4QC662NCABUXL,,,,,,,,,,,,VerifyAdd,63861,SteveMaddenMissHigh-Low HemJkt Camel XL            ,,<html><body>empty</body></html>,1000,,http://images.nationalgeographic.com/wpf/media-live/photos/000/687/cache/bonobo-congo-ziegler_68751_990x742.jpg,1,Auction,0.01,,3,0,55406,Gallery,1,sales@skygroupcloseouts.com,If you need a revised invoice for combined shipping#comma# please contact us before paying so we can adjust the shipping costs.,,,,Flat,6.875,MN,1,0,55406,FedExHomeDelivery,12,1,10,1,4QC662NCABUXL,ReturnsAccepted,MoneyBackOrExchange,Days_14,Buyer,Please contact us before returning any item. Items listed AS-IS or For Parts/Repair are not covered by our return policy.  We offer 14 days to return item after receiving it. If item is defective we will supply return shipping label. Item must be returned in original packaging with all accessories included. We also charge a 15% restocking fee for cancelled transactions that are not shipped#comma# or we let it go to eBay as an unpaid bidder case.  Do Not Bid If You Do Not Intend To Follow Through!,,,,US,0,0,0,0,0,1,100,5,2,Days_30,4,1,-1,1,,,,,
693,VerifyAdd,Failure,21916519,#quote#Error - Listing is missing required item specific(s): #quote##quote#Brand#comma# Size Type#comma# Size (Women's)#quote##quote#. Please provide the required item specifics.|Brand#comma# Size Type#comma# Size (Women's)|63861|#quote#,,,,,,,,,,,,,,,,,,,,,,,,,,,,,,4NY697BLUW016,,,,,,,,,,,,VerifyAdd,63861,AppleBottoms WM 5PcktBltdCapri Blue 16W            ,,<html><body>empty</body></html>,1000,,http://images.nationalgeographic.com/wpf/media-live/photos/000/687/cache/bonobo-congo-ziegler_68751_990x742.jpg,1,Auction,0.01,,3,0,55406,Gallery,1,sales@skygroupcloseouts.com,If you need a revised invoice for combined shipping#comma# please contact us before paying so we can adjust the shipping costs.,,,,Flat,6.875,MN,1,0,55406,FedExHomeDelivery,12,1,10,1,4NY697BLUW016,ReturnsAccepted,MoneyBackOrExchange,Days_14,Buyer,Please contact us before returning any item. Items listed AS-IS or For Parts/Repair are not covered by our return policy.  We offer 14 days to return item after receiving it. If item is defective we will supply return shipping label. Item must be returned in original packaging with all accessories included. We also charge a 15% restocking fee for cancelled transactions that are not shipped#comma# or we let it go to eBay as an unpaid bidder case.  Do Not Bid If You Do Not Intend To Follow Through!,,,,US,0,0,0,0,0,1,100,5,2,Days_30,4,1,-1,1,,,,,
694,VerifyAdd,Failure,21916519,#quote#Error - Listing is missing required item specific(s): #quote##quote#Brand#comma# Size Type#comma# Size (Women's)#quote##quote#. Please provide the required item specifics.|Brand#comma# Size Type#comma# Size (Women's)|63861|#quote#,,,,,,,,,,,,,,,,,,,,,,,,,,,,,,4PS672000M008,,,,,,,,,,,,VerifyAdd,63861,LennieForNinaMsBeltHalter Maxi 8                   ,,<html><body>empty</body></html>,1000,,http://images.nationalgeographic.com/wpf/media-live/photos/000/687/cache/bonobo-congo-ziegler_68751_990x742.jpg,1,Auction,0.01,,3,0,55406,Gallery,1,sales@skygroupcloseouts.com,If you need a revised invoice for combined shipping#comma# please contact us before paying so we can adjust the shipping costs.,,,,Flat,6.875,MN,1,0,55406,FedExHomeDelivery,12,1,10,1,4PS672000M008,ReturnsAccepted,MoneyBackOrExchange,Days_14,Buyer,Please contact us before returning any item. Items listed AS-IS or For Parts/Repair are not covered by our return policy.  We offer 14 days to return item after receiving it. If item is defective we will supply return shipping label. Item must be returned in original packaging with all accessories included. We also charge a 15% restocking fee for cancelled transactions that are not shipped#comma# or we let it go to eBay as an unpaid bidder case.  Do Not Bid If You Do Not Intend To Follow Through!,,,,US,0,0,0,0,0,1,100,5,2,Days_30,4,1,-1,1,,,,,
695,VerifyAdd,Failure,21916519,#quote#Error - Listing is missing required item specific(s): #quote##quote#Brand#comma# Size Type#comma# Size (Women's)#quote##quote#. Please provide the required item specifics.|Brand#comma# Size Type#comma# Size (Women's)|63861|#quote#,,,,,,,,,,,,,,,,,,,,,,,,,,,,,,4PW592000A2XL,,,,,,,,,,,,VerifyAdd,63861,JessSimp Wm Camarillo Dress 2 XL                   ,,<html><body>empty</body></html>,1000,,http://images.nationalgeographic.com/wpf/media-live/photos/000/687/cache/bonobo-congo-ziegler_68751_990x742.jpg,1,Auction,0.01,,3,0,55406,Gallery,1,sales@skygroupcloseouts.com,If you need a revised invoice for combined shipping#comma# please contact us before paying so we can adjust the shipping costs.,,,,Flat,6.875,MN,1,0,55406,FedExHomeDelivery,12,1,10,1,4PW592000A2XL,ReturnsAccepted,MoneyBackOrExchange,Days_14,Buyer,Please contact us before returning any item. Items listed AS-IS or For Parts/Repair are not covered by our return policy.  We offer 14 days to return item after receiving it. If item is defective we will supply return shipping label. Item must be returned in original packaging with all accessories included. We also charge a 15% restocking fee for cancelled transactions that are not shipped#comma# or we let it go to eBay as an unpaid bidder case.  Do Not Bid If You Do Not Intend To Follow Through!,,,,US,0,0,0,0,0,1,100,5,2,Days_30,4,1,-1,1,,,,,
696,VerifyAdd,Failure,21916519,#quote#Error - Listing is missing required item specific(s): #quote##quote#Brand#comma# Size Type#comma# Size (Women's)#quote##quote#. Please provide the required item specifics.|Brand#comma# Size Type#comma# Size (Women's)|63861|#quote#,,,,,,,,,,,,,,,,,,,,,,,,,,,,,,4PR206GTQM018,,,,,,,,,,,,VerifyAdd,63861,Westside MsRuffle Jacket Dress Turquoise 18        ,,<html><body>empty</body></html>,1000,,http://images.nationalgeographic.com/wpf/media-live/photos/000/687/cache/bonobo-congo-ziegler_68751_990x742.jpg,1,Auction,0.01,,3,0,55406,Gallery,1,sales@skygroupcloseouts.com,If you need a revised invoice for combined shipping#comma# please contact us before paying so we can adjust the shipping costs.,,,,Flat,6.875,MN,1,0,55406,FedExHomeDelivery,12,1,10,1,4PR206GTQM018,ReturnsAccepted,MoneyBackOrExchange,Days_14,Buyer,Please contact us before returning any item. Items listed AS-IS or For Parts/Repair are not covered by our return policy.  We offer 14 days to return item after receiving it. If item is defective we will supply return shipping label. Item must be returned in original packaging with all accessories included. We also charge a 15% restocking fee for cancelled transactions that are not shipped#comma# or we let it go to eBay as an unpaid bidder case.  Do Not Bid If You Do Not Intend To Follow Through!,,,,US,0,0,0,0,0,1,100,5,2,Days_30,4,1,-1,1,,,,,
697,VerifyAdd,Failure,21916519,#quote#Error - Listing is missing required item specific(s): #quote##quote#Brand#comma# Size Type#comma# Size (Women's)#quote##quote#. Please provide the required item specifics.|Brand#comma# Size Type#comma# Size (Women's)|63861|#quote#,,,,,,,,,,,,,,,,,,,,,,,,,,,,,,4PW453GLEA1XL,,,,,,,,,,,,VerifyAdd,63861,AB Wm Belted High Low Dress Lime 1X                ,,<html><body>empty</body></html>,1000,,http://images.nationalgeographic.com/wpf/media-live/photos/000/687/cache/bonobo-congo-ziegler_68751_990x742.jpg,1,Auction,0.01,,3,0,55406,Gallery,1,sales@skygroupcloseouts.com,If you need a revised invoice for combined shipping#comma# please contact us before paying so we can adjust the shipping costs.,,,,Flat,6.875,MN,1,0,55406,FedExHomeDelivery,12,1,10,1,4PW453GLEA1XL,ReturnsAccepted,MoneyBackOrExchange,Days_14,Buyer,Please contact us before returning any item. Items listed AS-IS or For Parts/Repair are not covered by our return policy.  We offer 14 days to return item after receiving it. If item is defective we will supply return shipping label. Item must be returned in original packaging with all accessories included. We also charge a 15% restocking fee for cancelled transactions that are not shipped#comma# or we let it go to eBay as an unpaid bidder case.  Do Not Bid If You Do Not Intend To Follow Through!,,,,US,0,0,0,0,0,1,100,5,2,Days_30,4,1,-1,1,,,,,
698,VerifyAdd,Failure,21916519,#quote#Error - Listing is missing required item specific(s): #quote##quote#Brand#comma# Size Type#comma# Size (Women's)#quote##quote#. Please provide the required item specifics.|Brand#comma# Size Type#comma# Size (Women's)|63861|#quote#,,,,,,,,,,,,,,,,,,,,,,,,,,,,,,4PW390BLUBLXS,,,,,,,,,,,,VerifyAdd,63861,Jessica Simpson Ms Flare Dress Blue X Small        ,,<html><body>empty</body></html>,1000,,http://images.nationalgeographic.com/wpf/media-live/photos/000/687/cache/bonobo-congo-ziegler_68751_990x742.jpg,1,Auction,0.01,,3,0,55406,Gallery,1,sales@skygroupcloseouts.com,If you need a revised invoice for combined shipping#comma# please contact us before paying so we can adjust the shipping costs.,,,,Flat,6.875,MN,1,0,55406,FedExHomeDelivery,12,1,10,1,4PW390BLUBLXS,ReturnsAccepted,MoneyBackOrExchange,Days_14,Buyer,Please contact us before returning any item. Items listed AS-IS or For Parts/Repair are not covered by our return policy.  We offer 14 days to return item after receiving it. If item is defective we will supply return shipping label. Item must be returned in original packaging with all accessories included. We also charge a 15% restocking fee for cancelled transactions that are not shipped#comma# or we let it go to eBay as an unpaid bidder case.  Do Not Bid If You Do Not Intend To Follow Through!,,,,US,0,0,0,0,0,1,100,5,2,Days_30,4,1,-1,1,,,,,
699,VerifyAdd,Failure,21916519,#quote#Error - Listing is missing required item specific(s): #quote##quote#Brand#comma# Size Type#comma# Size (Women's)#quote##quote#. Please provide the required item specifics.|Brand#comma# Size Type#comma# Size (Women's)|63861|#quote#,,,,,,,,,,,,,,,,,,,,,,,,,,,,,,4PT056000A1XL,,,,,,,,,,,,VerifyAdd,63861,Lola P Wm Aztec Print Maxi 1X                      ,,<html><body>empty</body></html>,1000,,http://images.nationalgeographic.com/wpf/media-live/photos/000/687/cache/bonobo-congo-ziegler_68751_990x742.jpg,1,Auction,0.01,,3,0,55406,Gallery,1,sales@skygroupcloseouts.com,If you need a revised invoice for combined shipping#comma# please contact us before paying so we can adjust the shipping costs.,,,,Flat,6.875,MN,1,0,55406,FedExHomeDelivery,12,1,10,1,4PT056000A1XL,ReturnsAccepted,MoneyBackOrExchange,Days_14,Buyer,Please contact us before returning any item. Items listed AS-IS or For Parts/Repair are not covered by our return policy.  We offer 14 days to return item after receiving it. If item is defective we will supply return shipping label. Item must be returned in original packaging with all accessories included. We also charge a 15% restocking fee for cancelled transactions that are not shipped#comma# or we let it go to eBay as an unpaid bidder case.  Do Not Bid If You Do Not Intend To Follow Through!,,,,US,0,0,0,0,0,1,100,5,2,Days_30,4,1,-1,1,,,,,
700,VerifyAdd,Failure,21916519,#quote#Error - Listing is missing required item specific(s): #quote##quote#Brand#comma# Size Type#comma# Size (Women's)#quote##quote#. Please provide the required item specifics.|Brand#comma# Size Type#comma# Size (Women's)|63861|#quote#,,,,,,,,,,,,,,,,,,,,,,,,,,,,,,4PV596000A1XL,,,,,,,,,,,,VerifyAdd,63861,Two-fer dress Womens  1X                           ,,<html><body>empty</body></html>,1000,,http://images.nationalgeographic.com/wpf/media-live/photos/000/687/cache/bonobo-congo-ziegler_68751_990x742.jpg,1,Auction,0.01,,3,0,55406,Gallery,1,sales@skygroupcloseouts.com,If you need a revised invoice for combined shipping#comma# please contact us before paying so we can adjust the shipping costs.,,,,Flat,6.875,MN,1,0,55406,FedExHomeDelivery,12,1,10,1,4PV596000A1XL,ReturnsAccepted,MoneyBackOrExchange,Days_14,Buyer,Please contact us before returning any item. Items listed AS-IS or For Parts/Repair are not covered by our return policy.  We offer 14 days to return item after receiving it. If item is defective we will supply return shipping label. Item must be returned in original packaging with all accessories included. We also charge a 15% restocking fee for cancelled transactions that are not shipped#comma# or we let it go to eBay as an unpaid bidder case.  Do Not Bid If You Do Not Intend To Follow Through!,,,,US,0,0,0,0,0,1,100,5,2,Days_30,4,1,-1,1,,,,,
701,VerifyAdd,Failure,21916519,#quote#Error - Listing is missing required item specific(s): #quote##quote#Brand#comma# Size Type#comma# Size (Women's)#quote##quote#. Please provide the required item specifics.|Brand#comma# Size Type#comma# Size (Women's)|63861|#quote#,,,,,,,,,,,,,,,,,,,,,,,,,,,,,,4PS672000M010,,,,,,,,,,,,VerifyAdd,63861,LennieForNinaMsBeltHalter Maxi 10                  ,,<html><body>empty</body></html>,1000,,http://images.nationalgeographic.com/wpf/media-live/photos/000/687/cache/bonobo-congo-ziegler_68751_990x742.jpg,1,Auction,0.01,,3,0,55406,Gallery,1,sales@skygroupcloseouts.com,If you need a revised invoice for combined shipping#comma# please contact us before paying so we can adjust the shipping costs.,,,,Flat,6.875,MN,1,0,55406,FedExHomeDelivery,12,1,10,1,4PS672000M010,ReturnsAccepted,MoneyBackOrExchange,Days_14,Buyer,Please contact us before returning any item. Items listed AS-IS or For Parts/Repair are not covered by our return policy.  We offer 14 days to return item after receiving it. If item is defective we will supply return shipping label. Item must be returned in original packaging with all accessories included. We also charge a 15% restocking fee for cancelled transactions that are not shipped#comma# or we let it go to eBay as an unpaid bidder case.  Do Not Bid If You Do Not Intend To Follow Through!,,,,US,0,0,0,0,0,1,100,5,2,Days_30,4,1,-1,1,,,,,
702,VerifyAdd,Failure,21916519,#quote#Error - Listing is missing required item specific(s): #quote##quote#Brand#comma# Size Type#comma# Size (Women's)#quote##quote#. Please provide the required item specifics.|Brand#comma# Size Type#comma# Size (Women's)|63861|#quote#,,,,,,,,,,,,,,,,,,,,,,,,,,,,,,4PS951GMTALRG,,,,,,,,,,,,VerifyAdd,63861,DannyNicoleMissCrochetMaxi Drs Mint Large          ,,<html><body>empty</body></html>,1000,,http://images.nationalgeographic.com/wpf/media-live/photos/000/687/cache/bonobo-congo-ziegler_68751_990x742.jpg,1,Auction,0.01,,3,0,55406,Gallery,1,sales@skygroupcloseouts.com,If you need a revised invoice for combined shipping#comma# please contact us before paying so we can adjust the shipping costs.,,,,Flat,6.875,MN,1,0,55406,FedExHomeDelivery,12,1,10,1,4PS951GMTALRG,ReturnsAccepted,MoneyBackOrExchange,Days_14,Buyer,Please contact us before returning any item. Items listed AS-IS or For Parts/Repair are not covered by our return policy.  We offer 14 days to return item after receiving it. If item is defective we will supply return shipping label. Item must be returned in original packaging with all accessories included. We also charge a 15% restocking fee for cancelled transactions that are not shipped#comma# or we let it go to eBay as an unpaid bidder case.  Do Not Bid If You Do Not Intend To Follow Through!,,,,US,0,0,0,0,0,1,100,5,2,Days_30,4,1,-1,1,,,,,
703,VerifyAdd,Failure,21916519,#quote#Error - Listing is missing required item specific(s): #quote##quote#Brand#comma# Size Type#comma# Size (Women's)#quote##quote#. Please provide the required item specifics.|Brand#comma# Size Type#comma# Size (Women's)|63861|#quote#,,,,,,,,,,,,,,,,,,,,,,,,,,,,,,4PJ802BNVM2X2,,,,,,,,,,,,VerifyAdd,63861,Steve Harv Mn Windowpane2pcSet Navy 2XL/42         ,,<html><body>empty</body></html>,1000,,http://images.nationalgeographic.com/wpf/media-live/photos/000/687/cache/bonobo-congo-ziegler_68751_990x742.jpg,1,Auction,0.01,,3,0,55406,Gallery,1,sales@skygroupcloseouts.com,If you need a revised invoice for combined shipping#comma# please contact us before paying so we can adjust the shipping costs.,,,,Flat,6.875,MN,1,0,55406,FedExHomeDelivery,12,1,10,1,4PJ802BNVM2X2,ReturnsAccepted,MoneyBackOrExchange,Days_14,Buyer,Please contact us before returning any item. Items listed AS-IS or For Parts/Repair are not covered by our return policy.  We offer 14 days to return item after receiving it. If item is defective we will supply return shipping label. Item must be returned in original packaging with all accessories included. We also charge a 15% restocking fee for cancelled transactions that are not shipped#comma# or we let it go to eBay as an unpaid bidder case.  Do Not Bid If You Do Not Intend To Follow Through!,,,,US,0,0,0,0,0,1,100,5,2,Days_30,4,1,-1,1,,,,,
704,VerifyAdd,Failure,21916519,#quote#Error - Listing is missing required item specific(s): #quote##quote#Brand#comma# Size Type#comma# Size (Women's)#quote##quote#. Please provide the required item specifics.|Brand#comma# Size Type#comma# Size (Women's)|63861|#quote#,,,,,,,,,,,,,,,,,,,,,,,,,,,,,,4PS677000M010,,,,,,,,,,,,VerifyAdd,63861,RonniNicole Coral PaisleyDress 10                  ,,<html><body>empty</body></html>,1000,,http://images.nationalgeographic.com/wpf/media-live/photos/000/687/cache/bonobo-congo-ziegler_68751_990x742.jpg,1,Auction,0.01,,3,0,55406,Gallery,1,sales@skygroupcloseouts.com,If you need a revised invoice for combined shipping#comma# please contact us before paying so we can adjust the shipping costs.,,,,Flat,6.875,MN,1,0,55406,FedExHomeDelivery,12,1,10,1,4PS677000M010,ReturnsAccepted,MoneyBackOrExchange,Days_14,Buyer,Please contact us before returning any item. Items listed AS-IS or For Parts/Repair are not covered by our return policy.  We offer 14 days to return item after receiving it. If item is defective we will supply return shipping label. Item must be returned in original packaging with all accessories included. We also charge a 15% restocking fee for cancelled transactions that are not shipped#comma# or we let it go to eBay as an unpaid bidder case.  Do Not Bid If You Do Not Intend To Follow Through!,,,,US,0,0,0,0,0,1,100,5,2,Days_30,4,1,-1,1,,,,,
705,VerifyAdd,Failure,21916519,#quote#Error - Listing is missing required item specific(s): #quote##quote#Brand#comma# Size Type#comma# Size (Women's)#quote##quote#. Please provide the required item specifics.|Brand#comma# Size Type#comma# Size (Women's)|63861|#quote#,,,,,,,,,,,,,,,,,,,,,,,,,,,,,,4PS673000W016,,,,,,,,,,,,VerifyAdd,63861,LennieForNinaWmBeltHalter Maxi 16W                 ,,<html><body>empty</body></html>,1000,,http://images.nationalgeographic.com/wpf/media-live/photos/000/687/cache/bonobo-congo-ziegler_68751_990x742.jpg,1,Auction,0.01,,3,0,55406,Gallery,1,sales@skygroupcloseouts.com,If you need a revised invoice for combined shipping#comma# please contact us before paying so we can adjust the shipping costs.,,,,Flat,6.875,MN,1,0,55406,FedExHomeDelivery,12,1,10,1,4PS673000W016,ReturnsAccepted,MoneyBackOrExchange,Days_14,Buyer,Please contact us before returning any item. Items listed AS-IS or For Parts/Repair are not covered by our return policy.  We offer 14 days to return item after receiving it. If item is defective we will supply return shipping label. Item must be returned in original packaging with all accessories included. We also charge a 15% restocking fee for cancelled transactions that are not shipped#comma# or we let it go to eBay as an unpaid bidder case.  Do Not Bid If You Do Not Intend To Follow Through!,,,,US,0,0,0,0,0,1,100,5,2,Days_30,4,1,-1,1,,,,,
706,VerifyAdd,Failure,21916519,#quote#Error - Listing is missing required item specific(s): #quote##quote#Brand#comma# Size Type#comma# Size (Women's)#quote##quote#. Please provide the required item specifics.|Brand#comma# Size Type#comma# Size (Women's)|63861|#quote#,,,,,,,,,,,,,,,,,,,,,,,,,,,,,,4P9261NBLMNXL,,,,,,,,,,,,VerifyAdd,63861,Carhartt Therm Hooded Swtshrt Black XL46-48        ,,<html><body>empty</body></html>,1000,,http://images.nationalgeographic.com/wpf/media-live/photos/000/687/cache/bonobo-congo-ziegler_68751_990x742.jpg,1,Auction,0.01,,3,0,55406,Gallery,1,sales@skygroupcloseouts.com,If you need a revised invoice for combined shipping#comma# please contact us before paying so we can adjust the shipping costs.,,,,Flat,6.875,MN,1,0,55406,FedExHomeDelivery,12,1,10,1,4P9261NBLMNXL,ReturnsAccepted,MoneyBackOrExchange,Days_14,Buyer,Please contact us before returning any item. Items listed AS-IS or For Parts/Repair are not covered by our return policy.  We offer 14 days to return item after receiving it. If item is defective we will supply return shipping label. Item must be returned in original packaging with all accessories included. We also charge a 15% restocking fee for cancelled transactions that are not shipped#comma# or we let it go to eBay as an unpaid bidder case.  Do Not Bid If You Do Not Intend To Follow Through!,,,,US,0,0,0,0,0,1,100,5,2,Days_30,4,1,-1,1,,,,,
707,VerifyAdd,Failure,21916519,#quote#Error - Listing is missing required item specific(s): #quote##quote#Brand#comma# Size Type#comma# Size (Women's)#quote##quote#. Please provide the required item specifics.|Brand#comma# Size Type#comma# Size (Women's)|63861|#quote#,,,,,,,,,,,,,,,,,,,,,,,,,,,,,,4PS647000W018,,,,,,,,,,,,VerifyAdd,63861,Westside Wm High/LowPythonMaxi 18W                 ,,<html><body>empty</body></html>,1000,,http://images.nationalgeographic.com/wpf/media-live/photos/000/687/cache/bonobo-congo-ziegler_68751_990x742.jpg,1,Auction,0.01,,3,0,55406,Gallery,1,sales@skygroupcloseouts.com,If you need a revised invoice for combined shipping#comma# please contact us before paying so we can adjust the shipping costs.,,,,Flat,6.875,MN,1,0,55406,FedExHomeDelivery,12,1,10,1,4PS647000W018,ReturnsAccepted,MoneyBackOrExchange,Days_14,Buyer,Please contact us before returning any item. Items listed AS-IS or For Parts/Repair are not covered by our return policy.  We offer 14 days to return item after receiving it. If item is defective we will supply return shipping label. Item must be returned in original packaging with all accessories included. We also charge a 15% restocking fee for cancelled transactions that are not shipped#comma# or we let it go to eBay as an unpaid bidder case.  Do Not Bid If You Do Not Intend To Follow Through!,,,,US,0,0,0,0,0,1,100,5,2,Days_30,4,1,-1,1,,,,,
708,VerifyAdd,Failure,21916519,#quote#Error - Listing is missing required item specific(s): #quote##quote#Brand#comma# Size Type#comma# Size (Women's)#quote##quote#. Please provide the required item specifics.|Brand#comma# Size Type#comma# Size (Women's)|63861|#quote#,,,,,,,,,,,,,,,,,,,,,,,,,,,,,,4PT047GTLA3XL,,,,,,,,,,,,VerifyAdd,63861,Lola P Wm Tye Dye Dress Teal 3 XL                  ,,<html><body>empty</body></html>,1000,,http://images.nationalgeographic.com/wpf/media-live/photos/000/687/cache/bonobo-congo-ziegler_68751_990x742.jpg,1,Auction,0.01,,3,0,55406,Gallery,1,sales@skygroupcloseouts.com,If you need a revised invoice for combined shipping#comma# please contact us before paying so we can adjust the shipping costs.,,,,Flat,6.875,MN,1,0,55406,FedExHomeDelivery,12,1,10,1,4PT047GTLA3XL,ReturnsAccepted,MoneyBackOrExchange,Days_14,Buyer,Please contact us before returning any item. Items listed AS-IS or For Parts/Repair are not covered by our return policy.  We offer 14 days to return item after receiving it. If item is defective we will supply return shipping label. Item must be returned in original packaging with all accessories included. We also charge a 15% restocking fee for cancelled transactions that are not shipped#comma# or we let it go to eBay as an unpaid bidder case.  Do Not Bid If You Do Not Intend To Follow Through!,,,,US,0,0,0,0,0,1,100,5,2,Days_30,4,1,-1,1,,,,,
709,VerifyAdd,Failure,21916519,#quote#Error - Listing is missing required item specific(s): #quote##quote#Brand#comma# Size Type#comma# Size (Women's)#quote##quote#. Please provide the required item specifics.|Brand#comma# Size Type#comma# Size (Women's)|63861|#quote#,,,,,,,,,,,,,,,,,,,,,,,,,,,,,,4PV595000ALRG,,,,,,,,,,,,VerifyAdd,63861,JM Studio Ms Two-fer Dress Large                   ,,<html><body>empty</body></html>,1000,,http://images.nationalgeographic.com/wpf/media-live/photos/000/687/cache/bonobo-congo-ziegler_68751_990x742.jpg,1,Auction,0.01,,3,0,55406,Gallery,1,sales@skygroupcloseouts.com,If you need a revised invoice for combined shipping#comma# please contact us before paying so we can adjust the shipping costs.,,,,Flat,6.875,MN,1,0,55406,FedExHomeDelivery,12,1,10,1,4PV595000ALRG,ReturnsAccepted,MoneyBackOrExchange,Days_14,Buyer,Please contact us before returning any item. Items listed AS-IS or For Parts/Repair are not covered by our return policy.  We offer 14 days to return item after receiving it. If item is defective we will supply return shipping label. Item must be returned in original packaging with all accessories included. We also charge a 15% restocking fee for cancelled transactions that are not shipped#comma# or we let it go to eBay as an unpaid bidder case.  Do Not Bid If You Do Not Intend To Follow Through!,,,,US,0,0,0,0,0,1,100,5,2,Days_30,4,1,-1,1,,,,,
710,VerifyAdd,Failure,21916519,#quote#Error - Listing is missing required item specific(s): #quote##quote#Brand#comma# Style#comma# Size Type#comma# Size (Women's)#quote##quote#. Please provide the required item specifics.|Brand#comma# Style#comma# Size Type#comma# Size (Women's)|63862|#quote#,,,,,,,,,,,,,,,,,,,,,,,,,,,,,,4PF649REDAXLG,,,,,,,,,,,,VerifyAdd,63862,Excelled Ms Polyester Pea Coat Red X Large         ,,<html><body>empty</body></html>,1000,,http://images.nationalgeographic.com/wpf/media-live/photos/000/687/cache/bonobo-congo-ziegler_68751_990x742.jpg,1,Auction,0.01,,3,0,55406,Gallery,1,sales@skygroupcloseouts.com,If you need a revised invoice for combined shipping#comma# please contact us before paying so we can adjust the shipping costs.,,,,Flat,6.875,MN,1,0,55406,FedExHomeDelivery,12,1,10,1,4PF649REDAXLG,ReturnsAccepted,MoneyBackOrExchange,Days_14,Buyer,Please contact us before returning any item. Items listed AS-IS or For Parts/Repair are not covered by our return policy.  We offer 14 days to return item after receiving it. If item is defective we will supply return shipping label. Item must be returned in original packaging with all accessories included. We also charge a 15% restocking fee for cancelled transactions that are not shipped#comma# or we let it go to eBay as an unpaid bidder case.  Do Not Bid If You Do Not Intend To Follow Through!,,,,US,0,0,0,0,0,1,100,5,2,Days_30,4,1,-1,1,,,,,
711,VerifyAdd,Failure,21916519,#quote#Error - Listing is missing required item specific(s): #quote##quote#Brand#comma# Style#comma# Size Type#comma# Size (Women's)#quote##quote#. Please provide the required item specifics.|Brand#comma# Style#comma# Size Type#comma# Size (Women's)|63862|#quote#,,,,,,,,,,,,,,,,,,,,,,,,,,,,,,4F0797RCK0010,,,,,,,,,,,,VerifyAdd,63862,MyH SolidMicrofr FLComfortr-Chili Pr/Bl            ,,<html><body>empty</body></html>,1000,,http://images.nationalgeographic.com/wpf/media-live/photos/000/687/cache/bonobo-congo-ziegler_68751_990x742.jpg,1,Auction,0.01,,3,0,55406,Gallery,1,sales@skygroupcloseouts.com,If you need a revised invoice for combined shipping#comma# please contact us before paying so we can adjust the shipping costs.,,,,Flat,6.875,MN,1,0,55406,FedExHomeDelivery,12,1,10,1,4F0797RCK0010,ReturnsAccepted,MoneyBackOrExchange,Days_14,Buyer,Please contact us before returning any item. Items listed AS-IS or For Parts/Repair are not covered by our return policy.  We offer 14 days to return item after receiving it. If item is defective we will supply return shipping label. Item must be returned in original packaging with all accessories included. We also charge a 15% restocking fee for cancelled transactions that are not shipped#comma# or we let it go to eBay as an unpaid bidder case.  Do Not Bid If You Do Not Intend To Follow Through!,,,,US,0,0,0,0,0,1,100,5,2,Days_30,4,1,-1,1,,,,,
712,VerifyAdd,Failure,21916519,#quote#Error - Listing is missing required item specific(s): #quote##quote#Brand#comma# Style#comma# Size Type#comma# Size (Women's)#quote##quote#. Please provide the required item specifics.|Brand#comma# Style#comma# Size Type#comma# Size (Women's)|63862|#quote#,,,,,,,,,,,,,,,,,,,,,,,,,,,,,,4QJ064NGEM010,,,,,,,,,,,,VerifyAdd,63862,KCole Miss Moto Carcoat Grey 10                    ,,<html><body>empty</body></html>,1000,,http://images.nationalgeographic.com/wpf/media-live/photos/000/687/cache/bonobo-congo-ziegler_68751_990x742.jpg,1,Auction,0.01,,3,0,55406,Gallery,1,sales@skygroupcloseouts.com,If you need a revised invoice for combined shipping#comma# please contact us before paying so we can adjust the shipping costs.,,,,Flat,6.875,MN,1,0,55406,FedExHomeDelivery,12,1,10,1,4QJ064NGEM010,ReturnsAccepted,MoneyBackOrExchange,Days_14,Buyer,Please contact us before returning any item. Items listed AS-IS or For Parts/Repair are not covered by our return policy.  We offer 14 days to return item after receiving it. If item is defective we will supply return shipping label. Item must be returned in original packaging with all accessories included. We also charge a 15% restocking fee for cancelled transactions that are not shipped#comma# or we let it go to eBay as an unpaid bidder case.  Do Not Bid If You Do Not Intend To Follow Through!,,,,US,0,0,0,0,0,1,100,5,2,Days_30,4,1,-1,1,,,,,
713,VerifyAdd,Failure,21916519,#quote#Error - Listing is missing required item specific(s): #quote##quote#Brand#comma# Style#comma# Size Type#comma# Size (Women's)#quote##quote#. Please provide the required item specifics.|Brand#comma# Style#comma# Size Type#comma# Size (Women's)|63862|#quote#,,,,,,,,,,,,,,,,,,,,,,,,,,,,,,4NT495BP10010,,,,,,,,,,,,VerifyAdd,63862,AltDownF/Q Micro Comfortr-Pacific Blue             ,,<html><body>empty</body></html>,1000,,http://images.nationalgeographic.com/wpf/media-live/photos/000/687/cache/bonobo-congo-ziegler_68751_990x742.jpg,1,Auction,0.01,,3,0,55406,Gallery,1,sales@skygroupcloseouts.com,If you need a revised invoice for combined shipping#comma# please contact us before paying so we can adjust the shipping costs.,,,,Flat,6.875,MN,1,0,55406,FedExHomeDelivery,12,1,10,1,4NT495BP10010,ReturnsAccepted,MoneyBackOrExchange,Days_14,Buyer,Please contact us before returning any item. Items listed AS-IS or For Parts/Repair are not covered by our return policy.  We offer 14 days to return item after receiving it. If item is defective we will supply return shipping label. Item must be returned in original packaging with all accessories included. We also charge a 15% restocking fee for cancelled transactions that are not shipped#comma# or we let it go to eBay as an unpaid bidder case.  Do Not Bid If You Do Not Intend To Follow Through!,,,,US,0,0,0,0,0,1,100,5,2,Days_30,4,1,-1,1,,,,,
714,VerifyAdd,Failure,21916519,#quote#Error - Listing is missing required item specific(s): #quote##quote#Brand#comma# Style#comma# Size Type#comma# Size (Women's)#quote##quote#. Please provide the required item specifics.|Brand#comma# Style#comma# Size Type#comma# Size (Women's)|63862|#quote#,,,,,,,,,,,,,,,,,,,,,,,,,,,,,,4PY5260000010,,,,,,,,,,,,VerifyAdd,63862,CooperLavender 8pc King BedSet                     ,,<html><body>empty</body></html>,1000,,http://images.nationalgeographic.com/wpf/media-live/photos/000/687/cache/bonobo-congo-ziegler_68751_990x742.jpg,1,Auction,0.01,,3,0,55406,Gallery,1,sales@skygroupcloseouts.com,If you need a revised invoice for combined shipping#comma# please contact us before paying so we can adjust the shipping costs.,,,,Flat,6.875,MN,1,0,55406,FedExHomeDelivery,12,1,10,1,4PY5260000010,ReturnsAccepted,MoneyBackOrExchange,Days_14,Buyer,Please contact us before returning any item. Items listed AS-IS or For Parts/Repair are not covered by our return policy.  We offer 14 days to return item after receiving it. If item is defective we will supply return shipping label. Item must be returned in original packaging with all accessories included. We also charge a 15% restocking fee for cancelled transactions that are not shipped#comma# or we let it go to eBay as an unpaid bidder case.  Do Not Bid If You Do Not Intend To Follow Through!,,,,US,0,0,0,0,0,1,100,5,2,Days_30,4,1,-1,1,,,,,
715,VerifyAdd,Failure,21916519,#quote#Error - Listing is missing required item specific(s): #quote##quote#Brand#comma# Style#comma# Size Type#comma# Size (Women's)#quote##quote#. Please provide the required item specifics.|Brand#comma# Style#comma# Size Type#comma# Size (Women's)|63862|#quote#,,,,,,,,,,,,,,,,,,,,,,,,,,,,,,4QL090NWHSM01,,,,,,,,,,,,VerifyAdd,63862,CB Ladies System Softs White Medium                ,,<html><body>empty</body></html>,1000,,http://images.nationalgeographic.com/wpf/media-live/photos/000/687/cache/bonobo-congo-ziegler_68751_990x742.jpg,1,Auction,0.01,,3,0,55406,Gallery,1,sales@skygroupcloseouts.com,If you need a revised invoice for combined shipping#comma# please contact us before paying so we can adjust the shipping costs.,,,,Flat,6.875,MN,1,0,55406,FedExHomeDelivery,12,1,10,1,4QL090NWHSM01,ReturnsAccepted,MoneyBackOrExchange,Days_14,Buyer,Please contact us before returning any item. Items listed AS-IS or For Parts/Repair are not covered by our return policy.  We offer 14 days to return item after receiving it. If item is defective we will supply return shipping label. Item must be returned in original packaging with all accessories included. We also charge a 15% restocking fee for cancelled transactions that are not shipped#comma# or we let it go to eBay as an unpaid bidder case.  Do Not Bid If You Do Not Intend To Follow Through!,,,,US,0,0,0,0,0,1,100,5,2,Days_30,4,1,-1,1,,,,,
716,VerifyAdd,Failure,21916519,#quote#Error - Listing is missing required item specific(s): #quote##quote#Brand#comma# Style#comma# Size Type#comma# Size (Women's)#quote##quote#. Please provide the required item specifics.|Brand#comma# Style#comma# Size Type#comma# Size (Women's)|63862|#quote#,,,,,,,,,,,,,,,,,,,,,,,,,,,,,,4F0852NC30010,,,,,,,,,,,,VerifyAdd,63862,MyH SolidMicrofr KG Comfortr-Choc/Oatml            ,,<html><body>empty</body></html>,1000,,http://images.nationalgeographic.com/wpf/media-live/photos/000/687/cache/bonobo-congo-ziegler_68751_990x742.jpg,1,Auction,0.01,,3,0,55406,Gallery,1,sales@skygroupcloseouts.com,If you need a revised invoice for combined shipping#comma# please contact us before paying so we can adjust the shipping costs.,,,,Flat,6.875,MN,1,0,55406,FedExHomeDelivery,12,1,10,1,4F0852NC30010,ReturnsAccepted,MoneyBackOrExchange,Days_14,Buyer,Please contact us before returning any item. Items listed AS-IS or For Parts/Repair are not covered by our return policy.  We offer 14 days to return item after receiving it. If item is defective we will supply return shipping label. Item must be returned in original packaging with all accessories included. We also charge a 15% restocking fee for cancelled transactions that are not shipped#comma# or we let it go to eBay as an unpaid bidder case.  Do Not Bid If You Do Not Intend To Follow Through!,,,,US,0,0,0,0,0,1,100,5,2,Days_30,4,1,-1,1,,,,,
717,VerifyAdd,Failure,21916519,#quote#Error - Listing is missing required item specific(s): #quote##quote#Brand#comma# Style#comma# Size Type#comma# Size (Women's)#quote##quote#. Please provide the required item specifics.|Brand#comma# Style#comma# Size Type#comma# Size (Women's)|63862|#quote#,,,,,,,,,,,,,,,,,,,,,,,,,,,,,,4P3990UAR0010,,,,,,,,,,,,VerifyAdd,63862,Carpeted Car Mats -Collegiate U of Arkans          ,,<html><body>empty</body></html>,1000,,http://images.nationalgeographic.com/wpf/media-live/photos/000/687/cache/bonobo-congo-ziegler_68751_990x742.jpg,1,Auction,0.01,,3,0,55406,Gallery,1,sales@skygroupcloseouts.com,If you need a revised invoice for combined shipping#comma# please contact us before paying so we can adjust the shipping costs.,,,,Flat,6.875,MN,1,0,55406,FedExHomeDelivery,12,1,10,1,4P3990UAR0010,ReturnsAccepted,MoneyBackOrExchange,Days_14,Buyer,Please contact us before returning any item. Items listed AS-IS or For Parts/Repair are not covered by our return policy.  We offer 14 days to return item after receiving it. If item is defective we will supply return shipping label. Item must be returned in original packaging with all accessories included. We also charge a 15% restocking fee for cancelled transactions that are not shipped#comma# or we let it go to eBay as an unpaid bidder case.  Do Not Bid If You Do Not Intend To Follow Through!,,,,US,0,0,0,0,0,1,100,5,2,Days_30,4,1,-1,1,,,,,
718,VerifyAdd,Failure,21916519,#quote#Error - Listing is missing required item specific(s): #quote##quote#Brand#comma# Style#comma# Size Type#comma# Size (Women's)#quote##quote#. Please provide the required item specifics.|Brand#comma# Style#comma# Size Type#comma# Size (Women's)|63862|#quote#,,,,,,,,,,,,,,,,,,,,,,,,,,,,,,4QC662RKRSS01,,,,,,,,,,,,VerifyAdd,63862,SteveMaddenMissHigh-Low HemJkt Dark Red Small      ,,<html><body>empty</body></html>,1000,,http://images.nationalgeographic.com/wpf/media-live/photos/000/687/cache/bonobo-congo-ziegler_68751_990x742.jpg,1,Auction,0.01,,3,0,55406,Gallery,1,sales@skygroupcloseouts.com,If you need a revised invoice for combined shipping#comma# please contact us before paying so we can adjust the shipping costs.,,,,Flat,6.875,MN,1,0,55406,FedExHomeDelivery,12,1,10,1,4QC662RKRSS01,ReturnsAccepted,MoneyBackOrExchange,Days_14,Buyer,Please contact us before returning any item. Items listed AS-IS or For Parts/Repair are not covered by our return policy.  We offer 14 days to return item after receiving it. If item is defective we will supply return shipping label. Item must be returned in original packaging with all accessories included. We also charge a 15% restocking fee for cancelled transactions that are not shipped#comma# or we let it go to eBay as an unpaid bidder case.  Do Not Bid If You Do Not Intend To Follow Through!,,,,US,0,0,0,0,0,1,100,5,2,Days_30,4,1,-1,1,,,,,
719,VerifyAdd,Failure,21916519,#quote#Error - Listing is missing required item specific(s): #quote##quote#Brand#comma# Style#comma# Size Type#comma# Size (Women's)#quote##quote#. Please provide the required item specifics.|Brand#comma# Style#comma# Size Type#comma# Size (Women's)|63862|#quote#,,,,,,,,,,,,,,,,,,,,,,,,,,,,,,4PJ802NBRMXL8,,,,,,,,,,,,VerifyAdd,63862,Steve Harv Mn Windowpane2pcSet Brown X Large/38    ,,<html><body>empty</body></html>,1000,,http://images.nationalgeographic.com/wpf/media-live/photos/000/687/cache/bonobo-congo-ziegler_68751_990x742.jpg,1,Auction,0.01,,3,0,55406,Gallery,1,sales@skygroupcloseouts.com,If you need a revised invoice for combined shipping#comma# please contact us before paying so we can adjust the shipping costs.,,,,Flat,6.875,MN,1,0,55406,FedExHomeDelivery,12,1,10,1,4PJ802NBRMXL8,ReturnsAccepted,MoneyBackOrExchange,Days_14,Buyer,Please contact us before returning any item. Items listed AS-IS or For Parts/Repair are not covered by our return policy.  We offer 14 days to return item after receiving it. If item is defective we will supply return shipping label. Item must be returned in original packaging with all accessories included. We also charge a 15% restocking fee for cancelled transactions that are not shipped#comma# or we let it go to eBay as an unpaid bidder case.  Do Not Bid If You Do Not Intend To Follow Through!,,,,US,0,0,0,0,0,1,100,5,2,Days_30,4,1,-1,1,,,,,
720,VerifyAdd,Failure,21916519,#quote#Error - Listing is missing required item specific(s): #quote##quote#Brand#comma# Style#comma# Size Type#comma# Size (Women's)#quote##quote#. Please provide the required item specifics.|Brand#comma# Style#comma# Size Type#comma# Size (Women's)|63862|#quote#,,,,,,,,,,,,,,,,,,,,,,,,,,,,,,4QH988NBLSM01,,,,,,,,,,,,VerifyAdd,63862,Carhartt Lds Cascade Jacket Black Medium           ,,<html><body>empty</body></html>,1000,,http://images.nationalgeographic.com/wpf/media-live/photos/000/687/cache/bonobo-congo-ziegler_68751_990x742.jpg,1,Auction,0.01,,3,0,55406,Gallery,1,sales@skygroupcloseouts.com,If you need a revised invoice for combined shipping#comma# please contact us before paying so we can adjust the shipping costs.,,,,Flat,6.875,MN,1,0,55406,FedExHomeDelivery,12,1,10,1,4QH988NBLSM01,ReturnsAccepted,MoneyBackOrExchange,Days_14,Buyer,Please contact us before returning any item. Items listed AS-IS or For Parts/Repair are not covered by our return policy.  We offer 14 days to return item after receiving it. If item is defective we will supply return shipping label. Item must be returned in original packaging with all accessories included. We also charge a 15% restocking fee for cancelled transactions that are not shipped#comma# or we let it go to eBay as an unpaid bidder case.  Do Not Bid If You Do Not Intend To Follow Through!,,,,US,0,0,0,0,0,1,100,5,2,Days_30,4,1,-1,1,,,,,
721,VerifyAdd,Failure,21916519,#quote#Error - Listing is missing required item specific(s): #quote##quote#Brand#comma# Style#comma# Size Type#comma# Size (Women's)#quote##quote#. Please provide the required item specifics.|Brand#comma# Style#comma# Size Type#comma# Size (Women's)|63862|#quote#,,,,,,,,,,,,,,,,,,,,,,,,,,,,,,4PF650REDA2XL,,,,,,,,,,,,VerifyAdd,63862,Excelled Wm Polyester Pea Coat Red 2 XL            ,,<html><body>empty</body></html>,1000,,http://images.nationalgeographic.com/wpf/media-live/photos/000/687/cache/bonobo-congo-ziegler_68751_990x742.jpg,1,Auction,0.01,,3,0,55406,Gallery,1,sales@skygroupcloseouts.com,If you need a revised invoice for combined shipping#comma# please contact us before paying so we can adjust the shipping costs.,,,,Flat,6.875,MN,1,0,55406,FedExHomeDelivery,12,1,10,1,4PF650REDA2XL,ReturnsAccepted,MoneyBackOrExchange,Days_14,Buyer,Please contact us before returning any item. Items listed AS-IS or For Parts/Repair are not covered by our return policy.  We offer 14 days to return item after receiving it. If item is defective we will supply return shipping label. Item must be returned in original packaging with all accessories included. We also charge a 15% restocking fee for cancelled transactions that are not shipped#comma# or we let it go to eBay as an unpaid bidder case.  Do Not Bid If You Do Not Intend To Follow Through!,,,,US,0,0,0,0,0,1,100,5,2,Days_30,4,1,-1,1,,,,,
722,VerifyAdd,Failure,21916519,#quote#Error - Listing is missing required item specific(s): #quote##quote#Brand#comma# Style#comma# Size Type#comma# Size (Women's)#quote##quote#. Please provide the required item specifics.|Brand#comma# Style#comma# Size Type#comma# Size (Women's)|63862|#quote#,,,,,,,,,,,,,,,,,,,,,,,,,,,,,,4PF223NAF0010,,,,,,,,,,,,VerifyAdd,63862,EclipseTavrnBOTherm 63#quote#Panel-Cafe                  ,,<html><body>empty</body></html>,1000,,http://images.nationalgeographic.com/wpf/media-live/photos/000/687/cache/bonobo-congo-ziegler_68751_990x742.jpg,1,Auction,0.01,,3,0,55406,Gallery,1,sales@skygroupcloseouts.com,If you need a revised invoice for combined shipping#comma# please contact us before paying so we can adjust the shipping costs.,,,,Flat,6.875,MN,1,0,55406,FedExHomeDelivery,12,1,10,1,4PF223NAF0010,ReturnsAccepted,MoneyBackOrExchange,Days_14,Buyer,Please contact us before returning any item. Items listed AS-IS or For Parts/Repair are not covered by our return policy.  We offer 14 days to return item after receiving it. If item is defective we will supply return shipping label. Item must be returned in original packaging with all accessories included. We also charge a 15% restocking fee for cancelled transactions that are not shipped#comma# or we let it go to eBay as an unpaid bidder case.  Do Not Bid If You Do Not Intend To Follow Through!,,,,US,0,0,0,0,0,1,100,5,2,Days_30,4,1,-1,1,,,,,
723,VerifyAdd,Failure,21916519,#quote#Error - Listing is missing required item specific(s): #quote##quote#Brand#comma# Style#comma# Size Type#comma# Size (Women's)#quote##quote#. Please provide the required item specifics.|Brand#comma# Style#comma# Size Type#comma# Size (Women's)|63862|#quote#,,,,,,,,,,,,,,,,,,,,,,,,,,,,,,4N9046NLWP382,,,,,,,,,,,,VerifyAdd,63862,Carhartt Canvas Work Dungaree Lt. Brown 38W 32L    ,,<html><body>empty</body></html>,1000,,http://images.nationalgeographic.com/wpf/media-live/photos/000/687/cache/bonobo-congo-ziegler_68751_990x742.jpg,1,Auction,0.01,,3,0,55406,Gallery,1,sales@skygroupcloseouts.com,If you need a revised invoice for combined shipping#comma# please contact us before paying so we can adjust the shipping costs.,,,,Flat,6.875,MN,1,0,55406,FedExHomeDelivery,12,1,10,1,4N9046NLWP382,ReturnsAccepted,MoneyBackOrExchange,Days_14,Buyer,Please contact us before returning any item. Items listed AS-IS or For Parts/Repair are not covered by our return policy.  We offer 14 days to return item after receiving it. If item is defective we will supply return shipping label. Item must be returned in original packaging with all accessories included. We also charge a 15% restocking fee for cancelled transactions that are not shipped#comma# or we let it go to eBay as an unpaid bidder case.  Do Not Bid If You Do Not Intend To Follow Through!,,,,US,0,0,0,0,0,1,100,5,2,Days_30,4,1,-1,1,,,,,
724,VerifyAdd,Failure,21916519,#quote#Error - Listing is missing required item specific(s): #quote##quote#Brand#comma# Style#comma# Size Type#comma# Size (Women's)#quote##quote#. Please provide the required item specifics.|Brand#comma# Style#comma# Size Type#comma# Size (Women's)|63862|#quote#,,,,,,,,,,,,,,,,,,,,,,,,,,,,,,4PF185NBLAMED,,,,,,,,,,,,VerifyAdd,63862,Excelled Ms GenRabbitFur Parka Black Medium        ,,<html><body>empty</body></html>,1000,,http://images.nationalgeographic.com/wpf/media-live/photos/000/687/cache/bonobo-congo-ziegler_68751_990x742.jpg,1,Auction,0.01,,3,0,55406,Gallery,1,sales@skygroupcloseouts.com,If you need a revised invoice for combined shipping#comma# please contact us before paying so we can adjust the shipping costs.,,,,Flat,6.875,MN,1,0,55406,FedExHomeDelivery,12,1,10,1,4PF185NBLAMED,ReturnsAccepted,MoneyBackOrExchange,Days_14,Buyer,Please contact us before returning any item. Items listed AS-IS or For Parts/Repair are not covered by our return policy.  We offer 14 days to return item after receiving it. If item is defective we will supply return shipping label. Item must be returned in original packaging with all accessories included. We also charge a 15% restocking fee for cancelled transactions that are not shipped#comma# or we let it go to eBay as an unpaid bidder case.  Do Not Bid If You Do Not Intend To Follow Through!,,,,US,0,0,0,0,0,1,100,5,2,Days_30,4,1,-1,1,,,,,
725,VerifyAdd,Failure,21916519,#quote#Error - Listing is missing required item specific(s): #quote##quote#Brand#comma# Style#comma# Size Type#comma# Size (Women's)#quote##quote#. Please provide the required item specifics.|Brand#comma# Style#comma# Size Type#comma# Size (Women's)|63862|#quote#,,,,,,,,,,,,,,,,,,,,,,,,,,,,,,4QC662RKRSL01,,,,,,,,,,,,VerifyAdd,63862,SteveMaddenMissHigh-Low HemJkt Dark Red Large      ,,<html><body>empty</body></html>,1000,,http://images.nationalgeographic.com/wpf/media-live/photos/000/687/cache/bonobo-congo-ziegler_68751_990x742.jpg,1,Auction,0.01,,3,0,55406,Gallery,1,sales@skygroupcloseouts.com,If you need a revised invoice for combined shipping#comma# please contact us before paying so we can adjust the shipping costs.,,,,Flat,6.875,MN,1,0,55406,FedExHomeDelivery,12,1,10,1,4QC662RKRSL01,ReturnsAccepted,MoneyBackOrExchange,Days_14,Buyer,Please contact us before returning any item. Items listed AS-IS or For Parts/Repair are not covered by our return policy.  We offer 14 days to return item after receiving it. If item is defective we will supply return shipping label. Item must be returned in original packaging with all accessories included. We also charge a 15% restocking fee for cancelled transactions that are not shipped#comma# or we let it go to eBay as an unpaid bidder case.  Do Not Bid If You Do Not Intend To Follow Through!,,,,US,0,0,0,0,0,1,100,5,2,Days_30,4,1,-1,1,,,,,
726,VerifyAdd,Failure,21916519,#quote#Error - Listing is missing required item specific(s): #quote##quote#Brand#comma# Style#comma# Size Type#comma# Size (Women's)#quote##quote#. Please provide the required item specifics.|Brand#comma# Style#comma# Size Type#comma# Size (Women's)|63862|#quote#,,,,,,,,,,,,,,,,,,,,,,,,,,,,,,4N0770GHN0010,,,,,,,,,,,,VerifyAdd,63862,Microfiber Queen Sheet Set Hunter                  ,,<html><body>empty</body></html>,1000,,http://images.nationalgeographic.com/wpf/media-live/photos/000/687/cache/bonobo-congo-ziegler_68751_990x742.jpg,1,Auction,0.01,,3,0,55406,Gallery,1,sales@skygroupcloseouts.com,If you need a revised invoice for combined shipping#comma# please contact us before paying so we can adjust the shipping costs.,,,,Flat,6.875,MN,1,0,55406,FedExHomeDelivery,12,1,10,1,4N0770GHN0010,ReturnsAccepted,MoneyBackOrExchange,Days_14,Buyer,Please contact us before returning any item. Items listed AS-IS or For Parts/Repair are not covered by our return policy.  We offer 14 days to return item after receiving it. If item is defective we will supply return shipping label. Item must be returned in original packaging with all accessories included. We also charge a 15% restocking fee for cancelled transactions that are not shipped#comma# or we let it go to eBay as an unpaid bidder case.  Do Not Bid If You Do Not Intend To Follow Through!,,,,US,0,0,0,0,0,1,100,5,2,Days_30,4,1,-1,1,,,,,
727,VerifyAdd,Failure,21916519,#quote#Error - Listing is missing required item specific(s): #quote##quote#Brand#comma# Style#comma# Size Type#comma# Size (Women's)#quote##quote#. Please provide the required item specifics.|Brand#comma# Style#comma# Size Type#comma# Size (Women's)|63862|#quote#,,,,,,,,,,,,,,,,,,,,,,,,,,,,,,4PY647NEC0010,,,,,,,,,,,,VerifyAdd,63862,Relic Auburn Ring Satchel Ecru                     ,,<html><body>empty</body></html>,1000,,http://images.nationalgeographic.com/wpf/media-live/photos/000/687/cache/bonobo-congo-ziegler_68751_990x742.jpg,1,Auction,0.01,,3,0,55406,Gallery,1,sales@skygroupcloseouts.com,If you need a revised invoice for combined shipping#comma# please contact us before paying so we can adjust the shipping costs.,,,,Flat,6.875,MN,1,0,55406,FedExHomeDelivery,12,1,10,1,4PY647NEC0010,ReturnsAccepted,MoneyBackOrExchange,Days_14,Buyer,Please contact us before returning any item. Items listed AS-IS or For Parts/Repair are not covered by our return policy.  We offer 14 days to return item after receiving it. If item is defective we will supply return shipping label. Item must be returned in original packaging with all accessories included. We also charge a 15% restocking fee for cancelled transactions that are not shipped#comma# or we let it go to eBay as an unpaid bidder case.  Do Not Bid If You Do Not Intend To Follow Through!,,,,US,0,0,0,0,0,1,100,5,2,Days_30,4,1,-1,1,,,,,
728,VerifyAdd,Failure,21916519,#quote#Error - Listing is missing required item specific(s): #quote##quote#Brand#comma# Style#comma# Size Type#comma# Size (Women's)#quote##quote#. Please provide the required item specifics.|Brand#comma# Style#comma# Size Type#comma# Size (Women's)|63862|#quote#,,,,,,,,,,,,,,,,,,,,,,,,,,,,,,4QJ005NDBAXLG,,,,,,,,,,,,VerifyAdd,63862,Carhartt Lds Wildwood Jacket Dark Brown X Large    ,,<html><body>empty</body></html>,1000,,http://images.nationalgeographic.com/wpf/media-live/photos/000/687/cache/bonobo-congo-ziegler_68751_990x742.jpg,1,Auction,0.01,,3,0,55406,Gallery,1,sales@skygroupcloseouts.com,If you need a revised invoice for combined shipping#comma# please contact us before paying so we can adjust the shipping costs.,,,,Flat,6.875,MN,1,0,55406,FedExHomeDelivery,12,1,10,1,4QJ005NDBAXLG,ReturnsAccepted,MoneyBackOrExchange,Days_14,Buyer,Please contact us before returning any item. Items listed AS-IS or For Parts/Repair are not covered by our return policy.  We offer 14 days to return item after receiving it. If item is defective we will supply return shipping label. Item must be returned in original packaging with all accessories included. We also charge a 15% restocking fee for cancelled transactions that are not shipped#comma# or we let it go to eBay as an unpaid bidder case.  Do Not Bid If You Do Not Intend To Follow Through!,,,,US,0,0,0,0,0,1,100,5,2,Days_30,4,1,-1,1,,,,,
729,VerifyAdd,Failure,21916519,#quote#Error - Listing is missing required item specific(s): #quote##quote#Brand#comma# Style#comma# Size Type#comma# Size (Women's)#quote##quote#. Please provide the required item specifics.|Brand#comma# Style#comma# Size Type#comma# Size (Women's)|63862|#quote#,,,,,,,,,,,,,,,,,,,,,,,,,,,,,,4PF650REDA3XL,,,,,,,,,,,,VerifyAdd,63862,Excelled Wm Polyester Pea Coat Red 3 XL            ,,<html><body>empty</body></html>,1000,,http://images.nationalgeographic.com/wpf/media-live/photos/000/687/cache/bonobo-congo-ziegler_68751_990x742.jpg,1,Auction,0.01,,3,0,55406,Gallery,1,sales@skygroupcloseouts.com,If you need a revised invoice for combined shipping#comma# please contact us before paying so we can adjust the shipping costs.,,,,Flat,6.875,MN,1,0,55406,FedExHomeDelivery,12,1,10,1,4PF650REDA3XL,ReturnsAccepted,MoneyBackOrExchange,Days_14,Buyer,Please contact us before returning any item. Items listed AS-IS or For Parts/Repair are not covered by our return policy.  We offer 14 days to return item after receiving it. If item is defective we will supply return shipping label. Item must be returned in original packaging with all accessories included. We also charge a 15% restocking fee for cancelled transactions that are not shipped#comma# or we let it go to eBay as an unpaid bidder case.  Do Not Bid If You Do Not Intend To Follow Through!,,,,US,0,0,0,0,0,1,100,5,2,Days_30,4,1,-1,1,,,,,
730,VerifyAdd,Failure,21916519,#quote#Error - Listing is missing required item specific(s): #quote##quote#Brand#comma# Style#comma# Size Type#comma# Size (Women's)#quote##quote#. Please provide the required item specifics.|Brand#comma# Style#comma# Size Type#comma# Size (Women's)|63862|#quote#,,,,,,,,,,,,,,,,,,,,,,,,,,,,,,4PF186NBLA3XL,,,,,,,,,,,,VerifyAdd,63862,Excelled Wm GenRabbitFur Parka Black 3 XL          ,,<html><body>empty</body></html>,1000,,http://images.nationalgeographic.com/wpf/media-live/photos/000/687/cache/bonobo-congo-ziegler_68751_990x742.jpg,1,Auction,0.01,,3,0,55406,Gallery,1,sales@skygroupcloseouts.com,If you need a revised invoice for combined shipping#comma# please contact us before paying so we can adjust the shipping costs.,,,,Flat,6.875,MN,1,0,55406,FedExHomeDelivery,12,1,10,1,4PF186NBLA3XL,ReturnsAccepted,MoneyBackOrExchange,Days_14,Buyer,Please contact us before returning any item. Items listed AS-IS or For Parts/Repair are not covered by our return policy.  We offer 14 days to return item after receiving it. If item is defective we will supply return shipping label. Item must be returned in original packaging with all accessories included. We also charge a 15% restocking fee for cancelled transactions that are not shipped#comma# or we let it go to eBay as an unpaid bidder case.  Do Not Bid If You Do Not Intend To Follow Through!,,,,US,0,0,0,0,0,1,100,5,2,Days_30,4,1,-1,1,,,,,
731,VerifyAdd,Failure,21916519,#quote#Error - Listing is missing required item specific(s): #quote##quote#Brand#comma# Style#comma# Size Type#comma# Size (Women's)#quote##quote#. Please provide the required item specifics.|Brand#comma# Style#comma# Size Type#comma# Size (Women's)|63862|#quote#,,,,,,,,,,,,,,,,,,,,,,,,,,,,,,4PZ459NTNS100,,,,,,,,,,,,VerifyAdd,63862,GC WM Indie Fringed bead sandal Tan 10             ,,<html><body>empty</body></html>,1000,,http://images.nationalgeographic.com/wpf/media-live/photos/000/687/cache/bonobo-congo-ziegler_68751_990x742.jpg,1,Auction,0.01,,3,0,55406,Gallery,1,sales@skygroupcloseouts.com,If you need a revised invoice for combined shipping#comma# please contact us before paying so we can adjust the shipping costs.,,,,Flat,6.875,MN,1,0,55406,FedExHomeDelivery,12,1,10,1,4PZ459NTNS100,ReturnsAccepted,MoneyBackOrExchange,Days_14,Buyer,Please contact us before returning any item. Items listed AS-IS or For Parts/Repair are not covered by our return policy.  We offer 14 days to return item after receiving it. If item is defective we will supply return shipping label. Item must be returned in original packaging with all accessories included. We also charge a 15% restocking fee for cancelled transactions that are not shipped#comma# or we let it go to eBay as an unpaid bidder case.  Do Not Bid If You Do Not Intend To Follow Through!,,,,US,0,0,0,0,0,1,100,5,2,Days_30,4,1,-1,1,,,,,
732,VerifyAdd,Failure,21916519,#quote#Error - Listing is missing required item specific(s): #quote##quote#Brand#comma# Style#comma# Size Type#comma# Size (Women's)#quote##quote#. Please provide the required item specifics.|Brand#comma# Style#comma# Size Type#comma# Size (Women's)|63862|#quote#,,,,,,,,,,,,,,,,,,,,,,,,,,,,,,4QC662NCASM01,,,,,,,,,,,,VerifyAdd,63862,SteveMaddenMissHigh-Low HemJkt Camel Medium        ,,<html><body>empty</body></html>,1000,,http://images.nationalgeographic.com/wpf/media-live/photos/000/687/cache/bonobo-congo-ziegler_68751_990x742.jpg,1,Auction,0.01,,3,0,55406,Gallery,1,sales@skygroupcloseouts.com,If you need a revised invoice for combined shipping#comma# please contact us before paying so we can adjust the shipping costs.,,,,Flat,6.875,MN,1,0,55406,FedExHomeDelivery,12,1,10,1,4QC662NCASM01,ReturnsAccepted,MoneyBackOrExchange,Days_14,Buyer,Please contact us before returning any item. Items listed AS-IS or For Parts/Repair are not covered by our return policy.  We offer 14 days to return item after receiving it. If item is defective we will supply return shipping label. Item must be returned in original packaging with all accessories included. We also charge a 15% restocking fee for cancelled transactions that are not shipped#comma# or we let it go to eBay as an unpaid bidder case.  Do Not Bid If You Do Not Intend To Follow Through!,,,,US,0,0,0,0,0,1,100,5,2,Days_30,4,1,-1,1,,,,,
733,VerifyAdd,Failure,21916519,#quote#Error - Listing is missing required item specific(s): #quote##quote#Brand#comma# Style#comma# Size Type#comma# Size (Women's)#quote##quote#. Please provide the required item specifics.|Brand#comma# Style#comma# Size Type#comma# Size (Women's)|63862|#quote#,,,,,,,,,,,,,,,,,,,,,,,,,,,,,,4PS782VPRAXLG,,,,,,,,,,,,VerifyAdd,63862,Company B Ms Tye Dye Jacket Purple X Large         ,,<html><body>empty</body></html>,1000,,http://images.nationalgeographic.com/wpf/media-live/photos/000/687/cache/bonobo-congo-ziegler_68751_990x742.jpg,1,Auction,0.01,,3,0,55406,Gallery,1,sales@skygroupcloseouts.com,If you need a revised invoice for combined shipping#comma# please contact us before paying so we can adjust the shipping costs.,,,,Flat,6.875,MN,1,0,55406,FedExHomeDelivery,12,1,10,1,4PS782VPRAXLG,ReturnsAccepted,MoneyBackOrExchange,Days_14,Buyer,Please contact us before returning any item. Items listed AS-IS or For Parts/Repair are not covered by our return policy.  We offer 14 days to return item after receiving it. If item is defective we will supply return shipping label. Item must be returned in original packaging with all accessories included. We also charge a 15% restocking fee for cancelled transactions that are not shipped#comma# or we let it go to eBay as an unpaid bidder case.  Do Not Bid If You Do Not Intend To Follow Through!,,,,US,0,0,0,0,0,1,100,5,2,Days_30,4,1,-1,1,,,,,
734,VerifyAdd,Failure,21916519,#quote#Error - Listing is missing required item specific(s): #quote##quote#Brand#comma# Style#comma# Size Type#comma# Size (Women's)#quote##quote#. Please provide the required item specifics.|Brand#comma# Style#comma# Size Type#comma# Size (Women's)|63862|#quote#,,,,,,,,,,,,,,,,,,,,,,,,,,,,,,4NN957ORGM010,,,,,,,,,,,,VerifyAdd,63862,DNU Westside MS Ruffle Back Suit Orange 10         ,,<html><body>empty</body></html>,1000,,http://images.nationalgeographic.com/wpf/media-live/photos/000/687/cache/bonobo-congo-ziegler_68751_990x742.jpg,1,Auction,0.01,,3,0,55406,Gallery,1,sales@skygroupcloseouts.com,If you need a revised invoice for combined shipping#comma# please contact us before paying so we can adjust the shipping costs.,,,,Flat,6.875,MN,1,0,55406,FedExHomeDelivery,12,1,10,1,4NN957ORGM010,ReturnsAccepted,MoneyBackOrExchange,Days_14,Buyer,Please contact us before returning any item. Items listed AS-IS or For Parts/Repair are not covered by our return policy.  We offer 14 days to return item after receiving it. If item is defective we will supply return shipping label. Item must be returned in original packaging with all accessories included. We also charge a 15% restocking fee for cancelled transactions that are not shipped#comma# or we let it go to eBay as an unpaid bidder case.  Do Not Bid If You Do Not Intend To Follow Through!,,,,US,0,0,0,0,0,1,100,5,2,Days_30,4,1,-1,1,,,,,
735,VerifyAdd,Failure,21916519,#quote#Error - Listing is missing required item specific(s): #quote##quote#Brand#comma# Style#comma# Size Type#comma# Size (Women's)#quote##quote#. Please provide the required item specifics.|Brand#comma# Style#comma# Size Type#comma# Size (Women's)|63862|#quote#,,,,,,,,,,,,,,,,,,,,,,,,,,,,,,4PL0080000010,,,,,,,,,,,,VerifyAdd,63862,Hayden 96#quote#x84#quote# Panel Pair                          ,,<html><body>empty</body></html>,1000,,http://images.nationalgeographic.com/wpf/media-live/photos/000/687/cache/bonobo-congo-ziegler_68751_990x742.jpg,1,Auction,0.01,,3,0,55406,Gallery,1,sales@skygroupcloseouts.com,If you need a revised invoice for combined shipping#comma# please contact us before paying so we can adjust the shipping costs.,,,,Flat,6.875,MN,1,0,55406,FedExHomeDelivery,12,1,10,1,4PL0080000010,ReturnsAccepted,MoneyBackOrExchange,Days_14,Buyer,Please contact us before returning any item. Items listed AS-IS or For Parts/Repair are not covered by our return policy.  We offer 14 days to return item after receiving it. If item is defective we will supply return shipping label. Item must be returned in original packaging with all accessories included. We also charge a 15% restocking fee for cancelled transactions that are not shipped#comma# or we let it go to eBay as an unpaid bidder case.  Do Not Bid If You Do Not Intend To Follow Through!,,,,US,0,0,0,0,0,1,100,5,2,Days_30,4,1,-1,1,,,,,
736,VerifyAdd,Failure,21916519,#quote#Error - Listing is missing required item specific(s): #quote##quote#Brand#comma# Style#comma# Size Type#comma# Size (Women's)#quote##quote#. Please provide the required item specifics.|Brand#comma# Style#comma# Size Type#comma# Size (Women's)|63862|#quote#,,,,,,,,,,,,,,,,,,,,,,,,,,,,,,4F0862BPW0010,,,,,,,,,,,,VerifyAdd,63862,MyH SolidMicrofr KG Sheets-Periwinkle              ,,<html><body>empty</body></html>,1000,,http://images.nationalgeographic.com/wpf/media-live/photos/000/687/cache/bonobo-congo-ziegler_68751_990x742.jpg,1,Auction,0.01,,3,0,55406,Gallery,1,sales@skygroupcloseouts.com,If you need a revised invoice for combined shipping#comma# please contact us before paying so we can adjust the shipping costs.,,,,Flat,6.875,MN,1,0,55406,FedExHomeDelivery,12,1,10,1,4F0862BPW0010,ReturnsAccepted,MoneyBackOrExchange,Days_14,Buyer,Please contact us before returning any item. Items listed AS-IS or For Parts/Repair are not covered by our return policy.  We offer 14 days to return item after receiving it. If item is defective we will supply return shipping label. Item must be returned in original packaging with all accessories included. We also charge a 15% restocking fee for cancelled transactions that are not shipped#comma# or we let it go to eBay as an unpaid bidder case.  Do Not Bid If You Do Not Intend To Follow Through!,,,,US,0,0,0,0,0,1,100,5,2,Days_30,4,1,-1,1,,,,,
737,VerifyAdd,Failure,21916519,#quote#Error - Listing is missing required item specific(s): #quote##quote#Brand#comma# Style#comma# Size Type#comma# Size (Women's)#quote##quote#. Please provide the required item specifics.|Brand#comma# Style#comma# Size Type#comma# Size (Women's)|63862|#quote#,,,,,,,,,,,,,,,,,,,,,,,,,,,,,,4PX810RNVS100,,,,,,,,,,,,VerifyAdd,63862,Dr. Scholls Rock Sandal Red-Navy 10               ,,<html><body>empty</body></html>,1000,,http://images.nationalgeographic.com/wpf/media-live/photos/000/687/cache/bonobo-congo-ziegler_68751_990x742.jpg,1,Auction,0.01,,3,0,55406,Gallery,1,sales@skygroupcloseouts.com,If you need a revised invoice for combined shipping#comma# please contact us before paying so we can adjust the shipping costs.,,,,Flat,6.875,MN,1,0,55406,FedExHomeDelivery,12,1,10,1,4PX810RNVS100,ReturnsAccepted,MoneyBackOrExchange,Days_14,Buyer,Please contact us before returning any item. Items listed AS-IS or For Parts/Repair are not covered by our return policy.  We offer 14 days to return item after receiving it. If item is defective we will supply return shipping label. Item must be returned in original packaging with all accessories included. We also charge a 15% restocking fee for cancelled transactions that are not shipped#comma# or we let it go to eBay as an unpaid bidder case.  Do Not Bid If You Do Not Intend To Follow Through!,,,,US,0,0,0,0,0,1,100,5,2,Days_30,4,1,-1,1,,,,,
738,VerifyAdd,Failure,21916519,#quote#Error - Listing is missing required item specific(s): #quote##quote#Brand#comma# Style#comma# Size Type#comma# Size (Women's)#quote##quote#. Please provide the required item specifics.|Brand#comma# Style#comma# Size Type#comma# Size (Women's)|63862|#quote#,,,,,,,,,,,,,,,,,,,,,,,,,,,,,,4QJ031NBLAXLG,,,,,,,,,,,,VerifyAdd,63862,CarharttLdsSndstneSierraJacket Black X Large       ,,<html><body>empty</body></html>,1000,,http://images.nationalgeographic.com/wpf/media-live/photos/000/687/cache/bonobo-congo-ziegler_68751_990x742.jpg,1,Auction,0.01,,3,0,55406,Gallery,1,sales@skygroupcloseouts.com,If you need a revised invoice for combined shipping#comma# please contact us before paying so we can adjust the shipping costs.,,,,Flat,6.875,MN,1,0,55406,FedExHomeDelivery,12,1,10,1,4QJ031NBLAXLG,ReturnsAccepted,MoneyBackOrExchange,Days_14,Buyer,Please contact us before returning any item. Items listed AS-IS or For Parts/Repair are not covered by our return policy.  We offer 14 days to return item after receiving it. If item is defective we will supply return shipping label. Item must be returned in original packaging with all accessories included. We also charge a 15% restocking fee for cancelled transactions that are not shipped#comma# or we let it go to eBay as an unpaid bidder case.  Do Not Bid If You Do Not Intend To Follow Through!,,,,US,0,0,0,0,0,1,100,5,2,Days_30,4,1,-1,1,,,,,
739,VerifyAdd,Failure,21916519,#quote#Error - Listing is missing required item specific(s): #quote##quote#Brand#comma# Style#comma# Size Type#comma# Size (Women's)#quote##quote#. Please provide the required item specifics.|Brand#comma# Style#comma# Size Type#comma# Size (Women's)|63862|#quote#,,,,,,,,,,,,,,,,,,,,,,,,,,,,,,4PF649NBLAXLG,,,,,,,,,,,,VerifyAdd,63862,Excelled Ms Polyester Pea Coat Black X Large       ,,<html><body>empty</body></html>,1000,,http://images.nationalgeographic.com/wpf/media-live/photos/000/687/cache/bonobo-congo-ziegler_68751_990x742.jpg,1,Auction,0.01,,3,0,55406,Gallery,1,sales@skygroupcloseouts.com,If you need a revised invoice for combined shipping#comma# please contact us before paying so we can adjust the shipping costs.,,,,Flat,6.875,MN,1,0,55406,FedExHomeDelivery,12,1,10,1,4PF649NBLAXLG,ReturnsAccepted,MoneyBackOrExchange,Days_14,Buyer,Please contact us before returning any item. Items listed AS-IS or For Parts/Repair are not covered by our return policy.  We offer 14 days to return item after receiving it. If item is defective we will supply return shipping label. Item must be returned in original packaging with all accessories included. We also charge a 15% restocking fee for cancelled transactions that are not shipped#comma# or we let it go to eBay as an unpaid bidder case.  Do Not Bid If You Do Not Intend To Follow Through!,,,,US,0,0,0,0,0,1,100,5,2,Days_30,4,1,-1,1,,,,,
740,VerifyAdd,Failure,21916519,#quote#Error - Listing is missing required item specific(s): #quote##quote#Brand#comma# Style#comma# Size Type#comma# Size (Women's)#quote##quote#. Please provide the required item specifics.|Brand#comma# Style#comma# Size Type#comma# Size (Women's)|63862|#quote#,,,,,,,,,,,,,,,,,,,,,,,,,,,,,,4PY5310000010,,,,,,,,,,,,VerifyAdd,63862,Cooper Lavender 16x16 Pillow                       ,,<html><body>empty</body></html>,1000,,http://images.nationalgeographic.com/wpf/media-live/photos/000/687/cache/bonobo-congo-ziegler_68751_990x742.jpg,1,Auction,0.01,,3,0,55406,Gallery,1,sales@skygroupcloseouts.com,If you need a revised invoice for combined shipping#comma# please contact us before paying so we can adjust the shipping costs.,,,,Flat,6.875,MN,1,0,55406,FedExHomeDelivery,12,1,10,1,4PY5310000010,ReturnsAccepted,MoneyBackOrExchange,Days_14,Buyer,Please contact us before returning any item. Items listed AS-IS or For Parts/Repair are not covered by our return policy.  We offer 14 days to return item after receiving it. If item is defective we will supply return shipping label. Item must be returned in original packaging with all accessories included. We also charge a 15% restocking fee for cancelled transactions that are not shipped#comma# or we let it go to eBay as an unpaid bidder case.  Do Not Bid If You Do Not Intend To Follow Through!,,,,US,0,0,0,0,0,1,100,5,2,Days_30,4,1,-1,1,,,,,
741,VerifyAdd,Failure,21916519,#quote#Error - Listing is missing required item specific(s): #quote##quote#Brand#comma# Style#comma# Size Type#comma# Size (Women's)#quote##quote#. Please provide the required item specifics.|Brand#comma# Style#comma# Size Type#comma# Size (Women's)|63862|#quote#,,,,,,,,,,,,,,,,,,,,,,,,,,,,,,4QC662RKRBUXL,,,,,,,,,,,,VerifyAdd,63862,SteveMaddenMissHigh-Low HemJkt Dark Red XL         ,,<html><body>empty</body></html>,1000,,http://images.nationalgeographic.com/wpf/media-live/photos/000/687/cache/bonobo-congo-ziegler_68751_990x742.jpg,1,Auction,0.01,,3,0,55406,Gallery,1,sales@skygroupcloseouts.com,If you need a revised invoice for combined shipping#comma# please contact us before paying so we can adjust the shipping costs.,,,,Flat,6.875,MN,1,0,55406,FedExHomeDelivery,12,1,10,1,4QC662RKRBUXL,ReturnsAccepted,MoneyBackOrExchange,Days_14,Buyer,Please contact us before returning any item. Items listed AS-IS or For Parts/Repair are not covered by our return policy.  We offer 14 days to return item after receiving it. If item is defective we will supply return shipping label. Item must be returned in original packaging with all accessories included. We also charge a 15% restocking fee for cancelled transactions that are not shipped#comma# or we let it go to eBay as an unpaid bidder case.  Do Not Bid If You Do Not Intend To Follow Through!,,,,US,0,0,0,0,0,1,100,5,2,Days_30,4,1,-1,1,,,,,
742,VerifyAdd,Failure,21916519,#quote#Error - Listing is missing required item specific(s): #quote##quote#Brand#comma# Style#comma# Size Type#comma# Size (Women's)#quote##quote#. Please provide the required item specifics.|Brand#comma# Style#comma# Size Type#comma# Size (Women's)|63862|#quote#,,,,,,,,,,,,,,,,,,,,,,,,,,,,,,4QD150NBLAXLG,,,,,,,,,,,,VerifyAdd,63862,Coogi Mns Faux Leather Bomber Black X Large        ,,<html><body>empty</body></html>,1000,,http://images.nationalgeographic.com/wpf/media-live/photos/000/687/cache/bonobo-congo-ziegler_68751_990x742.jpg,1,Auction,0.01,,3,0,55406,Gallery,1,sales@skygroupcloseouts.com,If you need a revised invoice for combined shipping#comma# please contact us before paying so we can adjust the shipping costs.,,,,Flat,6.875,MN,1,0,55406,FedExHomeDelivery,12,1,10,1,4QD150NBLAXLG,ReturnsAccepted,MoneyBackOrExchange,Days_14,Buyer,Please contact us before returning any item. Items listed AS-IS or For Parts/Repair are not covered by our return policy.  We offer 14 days to return item after receiving it. If item is defective we will supply return shipping label. Item must be returned in original packaging with all accessories included. We also charge a 15% restocking fee for cancelled transactions that are not shipped#comma# or we let it go to eBay as an unpaid bidder case.  Do Not Bid If You Do Not Intend To Follow Through!,,,,US,0,0,0,0,0,1,100,5,2,Days_30,4,1,-1,1,,,,,
743,VerifyAdd,Failure,21916519,#quote#Error - Listing is missing required item specific(s): #quote##quote#Brand#comma# Style#comma# Size Type#comma# Size (Women's)#quote##quote#. Please provide the required item specifics.|Brand#comma# Style#comma# Size Type#comma# Size (Women's)|63862|#quote#,,,,,,,,,,,,,,,,,,,,,,,,,,,,,,4PR206GTQM014,,,,,,,,,,,,VerifyAdd,63862,Westside MsRuffle Jacket Dress Turquoise 14        ,,<html><body>empty</body></html>,1000,,http://images.nationalgeographic.com/wpf/media-live/photos/000/687/cache/bonobo-congo-ziegler_68751_990x742.jpg,1,Auction,0.01,,3,0,55406,Gallery,1,sales@skygroupcloseouts.com,If you need a revised invoice for combined shipping#comma# please contact us before paying so we can adjust the shipping costs.,,,,Flat,6.875,MN,1,0,55406,FedExHomeDelivery,12,1,10,1,4PR206GTQM014,ReturnsAccepted,MoneyBackOrExchange,Days_14,Buyer,Please contact us before returning any item. Items listed AS-IS or For Parts/Repair are not covered by our return policy.  We offer 14 days to return item after receiving it. If item is defective we will supply return shipping label. Item must be returned in original packaging with all accessories included. We also charge a 15% restocking fee for cancelled transactions that are not shipped#comma# or we let it go to eBay as an unpaid bidder case.  Do Not Bid If You Do Not Intend To Follow Through!,,,,US,0,0,0,0,0,1,100,5,2,Days_30,4,1,-1,1,,,,,
744,VerifyAdd,Failure,21916519,#quote#Error - Listing is missing required item specific(s): #quote##quote#Brand#comma# Style#comma# Size Type#comma# Size (Women's)#quote##quote#. Please provide the required item specifics.|Brand#comma# Style#comma# Size Type#comma# Size (Women's)|63862|#quote#,,,,,,,,,,,,,,,,,,,,,,,,,,,,,,4QC662NCABUXL,,,,,,,,,,,,VerifyAdd,63862,SteveMaddenMissHigh-Low HemJkt Camel XL            ,,<html><body>empty</body></html>,1000,,http://images.nationalgeographic.com/wpf/media-live/photos/000/687/cache/bonobo-congo-ziegler_68751_990x742.jpg,1,Auction,0.01,,3,0,55406,Gallery,1,sales@skygroupcloseouts.com,If you need a revised invoice for combined shipping#comma# please contact us before paying so we can adjust the shipping costs.,,,,Flat,6.875,MN,1,0,55406,FedExHomeDelivery,12,1,10,1,4QC662NCABUXL,ReturnsAccepted,MoneyBackOrExchange,Days_14,Buyer,Please contact us before returning any item. Items listed AS-IS or For Parts/Repair are not covered by our return policy.  We offer 14 days to return item after receiving it. If item is defective we will supply return shipping label. Item must be returned in original packaging with all accessories included. We also charge a 15% restocking fee for cancelled transactions that are not shipped#comma# or we let it go to eBay as an unpaid bidder case.  Do Not Bid If You Do Not Intend To Follow Through!,,,,US,0,0,0,0,0,1,100,5,2,Days_30,4,1,-1,1,,,,,
745,VerifyAdd,Failure,21916519,#quote#Error - Listing is missing required item specific(s): #quote##quote#Brand#comma# Style#comma# Size Type#comma# Size (Women's)#quote##quote#. Please provide the required item specifics.|Brand#comma# Style#comma# Size Type#comma# Size (Women's)|63862|#quote#,,,,,,,,,,,,,,,,,,,,,,,,,,,,,,4QC662NCASL01,,,,,,,,,,,,VerifyAdd,63862,SteveMaddenMissHigh-Low HemJkt Camel Large         ,,<html><body>empty</body></html>,1000,,http://images.nationalgeographic.com/wpf/media-live/photos/000/687/cache/bonobo-congo-ziegler_68751_990x742.jpg,1,Auction,0.01,,3,0,55406,Gallery,1,sales@skygroupcloseouts.com,If you need a revised invoice for combined shipping#comma# please contact us before paying so we can adjust the shipping costs.,,,,Flat,6.875,MN,1,0,55406,FedExHomeDelivery,12,1,10,1,4QC662NCASL01,ReturnsAccepted,MoneyBackOrExchange,Days_14,Buyer,Please contact us before returning any item. Items listed AS-IS or For Parts/Repair are not covered by our return policy.  We offer 14 days to return item after receiving it. If item is defective we will supply return shipping label. Item must be returned in original packaging with all accessories included. We also charge a 15% restocking fee for cancelled transactions that are not shipped#comma# or we let it go to eBay as an unpaid bidder case.  Do Not Bid If You Do Not Intend To Follow Through!,,,,US,0,0,0,0,0,1,100,5,2,Days_30,4,1,-1,1,,,,,
746,VerifyAdd,Failure,21916519,#quote#Error - Listing is missing required item specific(s): #quote##quote#Brand#comma# Style#comma# Size Type#comma# Size (Women's)#quote##quote#. Please provide the required item specifics.|Brand#comma# Style#comma# Size Type#comma# Size (Women's)|63862|#quote#,,,,,,,,,,,,,,,,,,,,,,,,,,,,,,4PY667NBH0010,,,,,,,,,,,,VerifyAdd,63862,Relic Norwood N/S Tote Black/White                 ,,<html><body>empty</body></html>,1000,,http://images.nationalgeographic.com/wpf/media-live/photos/000/687/cache/bonobo-congo-ziegler_68751_990x742.jpg,1,Auction,0.01,,3,0,55406,Gallery,1,sales@skygroupcloseouts.com,If you need a revised invoice for combined shipping#comma# please contact us before paying so we can adjust the shipping costs.,,,,Flat,6.875,MN,1,0,55406,FedExHomeDelivery,12,1,10,1,4PY667NBH0010,ReturnsAccepted,MoneyBackOrExchange,Days_14,Buyer,Please contact us before returning any item. Items listed AS-IS or For Parts/Repair are not covered by our return policy.  We offer 14 days to return item after receiving it. If item is defective we will supply return shipping label. Item must be returned in original packaging with all accessories included. We also charge a 15% restocking fee for cancelled transactions that are not shipped#comma# or we let it go to eBay as an unpaid bidder case.  Do Not Bid If You Do Not Intend To Follow Through!,,,,US,0,0,0,0,0,1,100,5,2,Days_30,4,1,-1,1,,,,,
747,VerifyAdd,Failure,21916519,#quote#Error - Listing is missing required item specific(s): #quote##quote#Brand#comma# Style#comma# Size Type#comma# Size (Women's)#quote##quote#. Please provide the required item specifics.|Brand#comma# Style#comma# Size Type#comma# Size (Women's)|63862|#quote#,,,,,,,,,,,,,,,,,,,,,,,,,,,,,,4F0855MPL0010,,,,,,,,,,,,VerifyAdd,63862,MyH SolidMicrofr QN Completer-Plum/Lilac           ,,<html><body>empty</body></html>,1000,,http://images.nationalgeographic.com/wpf/media-live/photos/000/687/cache/bonobo-congo-ziegler_68751_990x742.jpg,1,Auction,0.01,,3,0,55406,Gallery,1,sales@skygroupcloseouts.com,If you need a revised invoice for combined shipping#comma# please contact us before paying so we can adjust the shipping costs.,,,,Flat,6.875,MN,1,0,55406,FedExHomeDelivery,12,1,10,1,4F0855MPL0010,ReturnsAccepted,MoneyBackOrExchange,Days_14,Buyer,Please contact us before returning any item. Items listed AS-IS or For Parts/Repair are not covered by our return policy.  We offer 14 days to return item after receiving it. If item is defective we will supply return shipping label. Item must be returned in original packaging with all accessories included. We also charge a 15% restocking fee for cancelled transactions that are not shipped#comma# or we let it go to eBay as an unpaid bidder case.  Do Not Bid If You Do Not Intend To Follow Through!,,,,US,0,0,0,0,0,1,100,5,2,Days_30,4,1,-1,1,,,,,
748,VerifyAdd,Failure,21916519,#quote#Error - Listing is missing required item specific(s): #quote##quote#Brand#comma# Style#comma# Size Type#comma# Size (Women's)#quote##quote#. Please provide the required item specifics.|Brand#comma# Style#comma# Size Type#comma# Size (Women's)|63862|#quote#,,,,,,,,,,,,,,,,,,,,,,,,,,,,,,4PZ534YGOS070,,,,,,,,,,,,VerifyAdd,63862,JS WM Violas Wedge Slide Gold 7                    ,,<html><body>empty</body></html>,1000,,http://images.nationalgeographic.com/wpf/media-live/photos/000/687/cache/bonobo-congo-ziegler_68751_990x742.jpg,1,Auction,0.01,,3,0,55406,Gallery,1,sales@skygroupcloseouts.com,If you need a revised invoice for combined shipping#comma# please contact us before paying so we can adjust the shipping costs.,,,,Flat,6.875,MN,1,0,55406,FedExHomeDelivery,12,1,10,1,4PZ534YGOS070,ReturnsAccepted,MoneyBackOrExchange,Days_14,Buyer,Please contact us before returning any item. Items listed AS-IS or For Parts/Repair are not covered by our return policy.  We offer 14 days to return item after receiving it. If item is defective we will supply return shipping label. Item must be returned in original packaging with all accessories included. We also charge a 15% restocking fee for cancelled transactions that are not shipped#comma# or we let it go to eBay as an unpaid bidder case.  Do Not Bid If You Do Not Intend To Follow Through!,,,,US,0,0,0,0,0,1,100,5,2,Days_30,4,1,-1,1,,,,,
749,VerifyAdd,Failure,21916519,#quote#Error - Listing is missing required item specific(s): #quote##quote#Brand#comma# Style#comma# Size Type#comma# Size (Women's)#quote##quote#. Please provide the required item specifics.|Brand#comma# Style#comma# Size Type#comma# Size (Women's)|63862|#quote#,,,,,,,,,,,,,,,,,,,,,,,,,,,,,,4PF185NWHA2XL,,,,,,,,,,,,VerifyAdd,63862,Excelled Ms GenRabbitFur Parka White 2 XL          ,,<html><body>empty</body></html>,1000,,http://images.nationalgeographic.com/wpf/media-live/photos/000/687/cache/bonobo-congo-ziegler_68751_990x742.jpg,1,Auction,0.01,,3,0,55406,Gallery,1,sales@skygroupcloseouts.com,If you need a revised invoice for combined shipping#comma# please contact us before paying so we can adjust the shipping costs.,,,,Flat,6.875,MN,1,0,55406,FedExHomeDelivery,12,1,10,1,4PF185NWHA2XL,ReturnsAccepted,MoneyBackOrExchange,Days_14,Buyer,Please contact us before returning any item. Items listed AS-IS or For Parts/Repair are not covered by our return policy.  We offer 14 days to return item after receiving it. If item is defective we will supply return shipping label. Item must be returned in original packaging with all accessories included. We also charge a 15% restocking fee for cancelled transactions that are not shipped#comma# or we let it go to eBay as an unpaid bidder case.  Do Not Bid If You Do Not Intend To Follow Through!,,,,US,0,0,0,0,0,1,100,5,2,Days_30,4,1,-1,1,,,,,
750,VerifyAdd,Failure,21916519,#quote#Error - Listing is missing required item specific(s): #quote##quote#Brand#comma# Style#comma# Size Type#comma# Size (Women's)#quote##quote#. Please provide the required item specifics.|Brand#comma# Style#comma# Size Type#comma# Size (Women's)|63862|#quote#,,,,,,,,,,,,,,,,,,,,,,,,,,,,,,4NY696BDNQJXS,,,,,,,,,,,,VerifyAdd,63862,AppleBottoms MS 5PcktBltdCapri Denim 3/4           ,,<html><body>empty</body></html>,1000,,http://images.nationalgeographic.com/wpf/media-live/photos/000/687/cache/bonobo-congo-ziegler_68751_990x742.jpg,1,Auction,0.01,,3,0,55406,Gallery,1,sales@skygroupcloseouts.com,If you need a revised invoice for combined shipping#comma# please contact us before paying so we can adjust the shipping costs.,,,,Flat,6.875,MN,1,0,55406,FedExHomeDelivery,12,1,10,1,4NY696BDNQJXS,ReturnsAccepted,MoneyBackOrExchange,Days_14,Buyer,Please contact us before returning any item. Items listed AS-IS or For Parts/Repair are not covered by our return policy.  We offer 14 days to return item after receiving it. If item is defective we will supply return shipping label. Item must be returned in original packaging with all accessories included. We also charge a 15% restocking fee for cancelled transactions that are not shipped#comma# or we let it go to eBay as an unpaid bidder case.  Do Not Bid If You Do Not Intend To Follow Through!,,,,US,0,0,0,0,0,1,100,5,2,Days_30,4,1,-1,1,,,,,
751,VerifyAdd,Failure,21916519,#quote#Error - Listing is missing required item specific(s): #quote##quote#Brand#comma# Style#comma# Size Type#comma# Size (Women's)#quote##quote#. Please provide the required item specifics.|Brand#comma# Style#comma# Size Type#comma# Size (Women's)|63862|#quote#,,,,,,,,,,,,,,,,,,,,,,,,,,,,,,4PF497NBLA3XL,,,,,,,,,,,,VerifyAdd,63862,Excelled MnBig Peacoat Black 3 XL                  ,,<html><body>empty</body></html>,1000,,http://images.nationalgeographic.com/wpf/media-live/photos/000/687/cache/bonobo-congo-ziegler_68751_990x742.jpg,1,Auction,0.01,,3,0,55406,Gallery,1,sales@skygroupcloseouts.com,If you need a revised invoice for combined shipping#comma# please contact us before paying so we can adjust the shipping costs.,,,,Flat,6.875,MN,1,0,55406,FedExHomeDelivery,12,1,10,1,4PF497NBLA3XL,ReturnsAccepted,MoneyBackOrExchange,Days_14,Buyer,Please contact us before returning any item. Items listed AS-IS or For Parts/Repair are not covered by our return policy.  We offer 14 days to return item after receiving it. If item is defective we will supply return shipping label. Item must be returned in original packaging with all accessories included. We also charge a 15% restocking fee for cancelled transactions that are not shipped#comma# or we let it go to eBay as an unpaid bidder case.  Do Not Bid If You Do Not Intend To Follow Through!,,,,US,0,0,0,0,0,1,100,5,2,Days_30,4,1,-1,1,,,,,
752,VerifyAdd,Failure,21916519,#quote#Error - Listing is missing required item specific(s): #quote##quote#Brand#comma# Style#comma# Size Type#comma# Size (Women's)#quote##quote#. Please provide the required item specifics.|Brand#comma# Style#comma# Size Type#comma# Size (Women's)|63862|#quote#,,,,,,,,,,,,,,,,,,,,,,,,,,,,,,4QH984NOLA2XL,,,,,,,,,,,,VerifyAdd,63862,CarharttSndstoneKenaiParka Lds Coal 2XL            ,,<html><body>empty</body></html>,1000,,http://images.nationalgeographic.com/wpf/media-live/photos/000/687/cache/bonobo-congo-ziegler_68751_990x742.jpg,1,Auction,0.01,,3,0,55406,Gallery,1,sales@skygroupcloseouts.com,If you need a revised invoice for combined shipping#comma# please contact us before paying so we can adjust the shipping costs.,,,,Flat,6.875,MN,1,0,55406,FedExHomeDelivery,12,1,10,1,4QH984NOLA2XL,ReturnsAccepted,MoneyBackOrExchange,Days_14,Buyer,Please contact us before returning any item. Items listed AS-IS or For Parts/Repair are not covered by our return policy.  We offer 14 days to return item after receiving it. If item is defective we will supply return shipping label. Item must be returned in original packaging with all accessories included. We also charge a 15% restocking fee for cancelled transactions that are not shipped#comma# or we let it go to eBay as an unpaid bidder case.  Do Not Bid If You Do Not Intend To Follow Through!,,,,US,0,0,0,0,0,1,100,5,2,Days_30,4,1,-1,1,,,,,
753,VerifyAdd,Failure,21916519,#quote#Error - Listing is missing required item specific(s): #quote##quote#Brand#comma# Style#comma# Size Type#comma# Size (Women's)#quote##quote#. Please provide the required item specifics.|Brand#comma# Style#comma# Size Type#comma# Size (Women's)|63862|#quote#,,,,,,,,,,,,,,,,,,,,,,,,,,,,,,4PS693RCOALRG,,,,,,,,,,,,VerifyAdd,63862,DanNicoleMissCrochetDrwstrgDrs Coral Large         ,,<html><body>empty</body></html>,1000,,http://images.nationalgeographic.com/wpf/media-live/photos/000/687/cache/bonobo-congo-ziegler_68751_990x742.jpg,1,Auction,0.01,,3,0,55406,Gallery,1,sales@skygroupcloseouts.com,If you need a revised invoice for combined shipping#comma# please contact us before paying so we can adjust the shipping costs.,,,,Flat,6.875,MN,1,0,55406,FedExHomeDelivery,12,1,10,1,4PS693RCOALRG,ReturnsAccepted,MoneyBackOrExchange,Days_14,Buyer,Please contact us before returning any item. Items listed AS-IS or For Parts/Repair are not covered by our return policy.  We offer 14 days to return item after receiving it. If item is defective we will supply return shipping label. Item must be returned in original packaging with all accessories included. We also charge a 15% restocking fee for cancelled transactions that are not shipped#comma# or we let it go to eBay as an unpaid bidder case.  Do Not Bid If You Do Not Intend To Follow Through!,,,,US,0,0,0,0,0,1,100,5,2,Days_30,4,1,-1,1,,,,,
754,VerifyAdd,Failure,21916519,#quote#Error - Listing is missing required item specific(s): #quote##quote#Brand#comma# Style#comma# Size Type#comma# Size (Women's)#quote##quote#. Please provide the required item specifics.|Brand#comma# Style#comma# Size Type#comma# Size (Women's)|63862|#quote#,,,,,,,,,,,,,,,,,,,,,,,,,,,,,,4PR860BDNW018,,,,,,,,,,,,VerifyAdd,63862,Lee Wm MarilynBeltCuffed Capri Denim 18W           ,,<html><body>empty</body></html>,1000,,http://images.nationalgeographic.com/wpf/media-live/photos/000/687/cache/bonobo-congo-ziegler_68751_990x742.jpg,1,Auction,0.01,,3,0,55406,Gallery,1,sales@skygroupcloseouts.com,If you need a revised invoice for combined shipping#comma# please contact us before paying so we can adjust the shipping costs.,,,,Flat,6.875,MN,1,0,55406,FedExHomeDelivery,12,1,10,1,4PR860BDNW018,ReturnsAccepted,MoneyBackOrExchange,Days_14,Buyer,Please contact us before returning any item. Items listed AS-IS or For Parts/Repair are not covered by our return policy.  We offer 14 days to return item after receiving it. If item is defective we will supply return shipping label. Item must be returned in original packaging with all accessories included. We also charge a 15% restocking fee for cancelled transactions that are not shipped#comma# or we let it go to eBay as an unpaid bidder case.  Do Not Bid If You Do Not Intend To Follow Through!,,,,US,0,0,0,0,0,1,100,5,2,Days_30,4,1,-1,1,,,,,
755,VerifyAdd,Failure,21916519,#quote#Error - Listing is missing required item specific(s): #quote##quote#Brand#comma# Style#comma# Size Type#comma# Size (Women's)#quote##quote#. Please provide the required item specifics.|Brand#comma# Style#comma# Size Type#comma# Size (Women's)|63862|#quote#,,,,,,,,,,,,,,,,,,,,,,,,,,,,,,4QL090NWHBLXL,,,,,,,,,,,,VerifyAdd,63862,CB Ladies System Softs White XL                    ,,<html><body>empty</body></html>,1000,,http://images.nationalgeographic.com/wpf/media-live/photos/000/687/cache/bonobo-congo-ziegler_68751_990x742.jpg,1,Auction,0.01,,3,0,55406,Gallery,1,sales@skygroupcloseouts.com,If you need a revised invoice for combined shipping#comma# please contact us before paying so we can adjust the shipping costs.,,,,Flat,6.875,MN,1,0,55406,FedExHomeDelivery,12,1,10,1,4QL090NWHBLXL,ReturnsAccepted,MoneyBackOrExchange,Days_14,Buyer,Please contact us before returning any item. Items listed AS-IS or For Parts/Repair are not covered by our return policy.  We offer 14 days to return item after receiving it. If item is defective we will supply return shipping label. Item must be returned in original packaging with all accessories included. We also charge a 15% restocking fee for cancelled transactions that are not shipped#comma# or we let it go to eBay as an unpaid bidder case.  Do Not Bid If You Do Not Intend To Follow Through!,,,,US,0,0,0,0,0,1,100,5,2,Days_30,4,1,-1,1,,,,,
756,VerifyAdd,Failure,21916519,#quote#Error - Listing is missing required item specific(s): #quote##quote#Brand#comma# Style#comma# Size Type#comma# Size (Women's)#quote##quote#. Please provide the required item specifics.|Brand#comma# Style#comma# Size Type#comma# Size (Women's)|63862|#quote#,,,,,,,,,,,,,,,,,,,,,,,,,,,,,,4PF649REDALRG,,,,,,,,,,,,VerifyAdd,63862,Excelled Ms Polyester Pea Coat Red Large           ,,<html><body>empty</body></html>,1000,,http://images.nationalgeographic.com/wpf/media-live/photos/000/687/cache/bonobo-congo-ziegler_68751_990x742.jpg,1,Auction,0.01,,3,0,55406,Gallery,1,sales@skygroupcloseouts.com,If you need a revised invoice for combined shipping#comma# please contact us before paying so we can adjust the shipping costs.,,,,Flat,6.875,MN,1,0,55406,FedExHomeDelivery,12,1,10,1,4PF649REDALRG,ReturnsAccepted,MoneyBackOrExchange,Days_14,Buyer,Please contact us before returning any item. Items listed AS-IS or For Parts/Repair are not covered by our return policy.  We offer 14 days to return item after receiving it. If item is defective we will supply return shipping label. Item must be returned in original packaging with all accessories included. We also charge a 15% restocking fee for cancelled transactions that are not shipped#comma# or we let it go to eBay as an unpaid bidder case.  Do Not Bid If You Do Not Intend To Follow Through!,,,,US,0,0,0,0,0,1,100,5,2,Days_30,4,1,-1,1,,,,,
757,VerifyAdd,Failure,21916519,#quote#Error - Listing is missing required item specific(s): #quote##quote#Brand#comma# Style#comma# Size Type#comma# Size (Women's)#quote##quote#. Please provide the required item specifics.|Brand#comma# Style#comma# Size Type#comma# Size (Women's)|63862|#quote#,,,,,,,,,,,,,,,,,,,,,,,,,,,,,,4F0797BNP0010,,,,,,,,,,,,VerifyAdd,63862,MyH SolidMicrofr FLComfortr-Navy/Prwnkl            ,,<html><body>empty</body></html>,1000,,http://images.nationalgeographic.com/wpf/media-live/photos/000/687/cache/bonobo-congo-ziegler_68751_990x742.jpg,1,Auction,0.01,,3,0,55406,Gallery,1,sales@skygroupcloseouts.com,If you need a revised invoice for combined shipping#comma# please contact us before paying so we can adjust the shipping costs.,,,,Flat,6.875,MN,1,0,55406,FedExHomeDelivery,12,1,10,1,4F0797BNP0010,ReturnsAccepted,MoneyBackOrExchange,Days_14,Buyer,Please contact us before returning any item. Items listed AS-IS or For Parts/Repair are not covered by our return policy.  We offer 14 days to return item after receiving it. If item is defective we will supply return shipping label. Item must be returned in original packaging with all accessories included. We also charge a 15% restocking fee for cancelled transactions that are not shipped#comma# or we let it go to eBay as an unpaid bidder case.  Do Not Bid If You Do Not Intend To Follow Through!,,,,US,0,0,0,0,0,1,100,5,2,Days_30,4,1,-1,1,,,,,
758,VerifyAdd,Failure,21916519,#quote#Error - Listing is missing required item specific(s): #quote##quote#Brand#comma# Style#comma# Size Type#comma# Size (Women's)#quote##quote#. Please provide the required item specifics.|Brand#comma# Style#comma# Size Type#comma# Size (Women's)|63862|#quote#,,,,,,,,,,,,,,,,,,,,,,,,,,,,,,4QC662RKRSM01,,,,,,,,,,,,VerifyAdd,63862,SteveMaddenMissHigh-Low HemJkt Dark Red Medium     ,,<html><body>empty</body></html>,1000,,http://images.nationalgeographic.com/wpf/media-live/photos/000/687/cache/bonobo-congo-ziegler_68751_990x742.jpg,1,Auction,0.01,,3,0,55406,Gallery,1,sales@skygroupcloseouts.com,If you need a revised invoice for combined shipping#comma# please contact us before paying so we can adjust the shipping costs.,,,,Flat,6.875,MN,1,0,55406,FedExHomeDelivery,12,1,10,1,4QC662RKRSM01,ReturnsAccepted,MoneyBackOrExchange,Days_14,Buyer,Please contact us before returning any item. Items listed AS-IS or For Parts/Repair are not covered by our return policy.  We offer 14 days to return item after receiving it. If item is defective we will supply return shipping label. Item must be returned in original packaging with all accessories included. We also charge a 15% restocking fee for cancelled transactions that are not shipped#comma# or we let it go to eBay as an unpaid bidder case.  Do Not Bid If You Do Not Intend To Follow Through!,,,,US,0,0,0,0,0,1,100,5,2,Days_30,4,1,-1,1,,,,,
759,VerifyAdd,Failure,21916519,#quote#Error - Listing is missing required item specific(s): #quote##quote#Brand#comma# Style#comma# Size Type#comma# Size (Women's)#quote##quote#. Please provide the required item specifics.|Brand#comma# Style#comma# Size Type#comma# Size (Women's)|63862|#quote#,,,,,,,,,,,,,,,,,,,,,,,,,,,,,,4PF186NWHA3XL,,,,,,,,,,,,VerifyAdd,63862,Excelled Wm GenRabbitFur Parka White 3 XL          ,,<html><body>empty</body></html>,1000,,http://images.nationalgeographic.com/wpf/media-live/photos/000/687/cache/bonobo-congo-ziegler_68751_990x742.jpg,1,Auction,0.01,,3,0,55406,Gallery,1,sales@skygroupcloseouts.com,If you need a revised invoice for combined shipping#comma# please contact us before paying so we can adjust the shipping costs.,,,,Flat,6.875,MN,1,0,55406,FedExHomeDelivery,12,1,10,1,4PF186NWHA3XL,ReturnsAccepted,MoneyBackOrExchange,Days_14,Buyer,Please contact us before returning any item. Items listed AS-IS or For Parts/Repair are not covered by our return policy.  We offer 14 days to return item after receiving it. If item is defective we will supply return shipping label. Item must be returned in original packaging with all accessories included. We also charge a 15% restocking fee for cancelled transactions that are not shipped#comma# or we let it go to eBay as an unpaid bidder case.  Do Not Bid If You Do Not Intend To Follow Through!,,,,US,0,0,0,0,0,1,100,5,2,Days_30,4,1,-1,1,,,,,
760,VerifyAdd,Failure,21916519,#quote#Error - Listing is missing required item specific(s): #quote##quote#Brand#comma# Style#comma# Size Type#comma# Size (Women's)#quote##quote#. Please provide the required item specifics.|Brand#comma# Style#comma# Size Type#comma# Size (Women's)|63862|#quote#,,,,,,,,,,,,,,,,,,,,,,,,,,,,,,4PF650NBLA3XL,,,,,,,,,,,,VerifyAdd,63862,Excelled Wm Polyester Pea Coat Black 3 XL          ,,<html><body>empty</body></html>,1000,,http://images.nationalgeographic.com/wpf/media-live/photos/000/687/cache/bonobo-congo-ziegler_68751_990x742.jpg,1,Auction,0.01,,3,0,55406,Gallery,1,sales@skygroupcloseouts.com,If you need a revised invoice for combined shipping#comma# please contact us before paying so we can adjust the shipping costs.,,,,Flat,6.875,MN,1,0,55406,FedExHomeDelivery,12,1,10,1,4PF650NBLA3XL,ReturnsAccepted,MoneyBackOrExchange,Days_14,Buyer,Please contact us before returning any item. Items listed AS-IS or For Parts/Repair are not covered by our return policy.  We offer 14 days to return item after receiving it. If item is defective we will supply return shipping label. Item must be returned in original packaging with all accessories included. We also charge a 15% restocking fee for cancelled transactions that are not shipped#comma# or we let it go to eBay as an unpaid bidder case.  Do Not Bid If You Do Not Intend To Follow Through!,,,,US,0,0,0,0,0,1,100,5,2,Days_30,4,1,-1,1,,,,,
761,VerifyAdd,Failure,21916519,#quote#Error - Listing is missing required item specific(s): #quote##quote#Brand#comma# Style#comma# Size Type#comma# Size (Women's)#quote##quote#. Please provide the required item specifics.|Brand#comma# Style#comma# Size Type#comma# Size (Women's)|63862|#quote#,,,,,,,,,,,,,,,,,,,,,,,,,,,,,,4PH883NBLA2XL,,,,,,,,,,,,VerifyAdd,63862,Carhartt Mn L/S Chest LogoTee Black 2 XL           ,,<html><body>empty</body></html>,1000,,http://images.nationalgeographic.com/wpf/media-live/photos/000/687/cache/bonobo-congo-ziegler_68751_990x742.jpg,1,Auction,0.01,,3,0,55406,Gallery,1,sales@skygroupcloseouts.com,If you need a revised invoice for combined shipping#comma# please contact us before paying so we can adjust the shipping costs.,,,,Flat,6.875,MN,1,0,55406,FedExHomeDelivery,12,1,10,1,4PH883NBLA2XL,ReturnsAccepted,MoneyBackOrExchange,Days_14,Buyer,Please contact us before returning any item. Items listed AS-IS or For Parts/Repair are not covered by our return policy.  We offer 14 days to return item after receiving it. If item is defective we will supply return shipping label. Item must be returned in original packaging with all accessories included. We also charge a 15% restocking fee for cancelled transactions that are not shipped#comma# or we let it go to eBay as an unpaid bidder case.  Do Not Bid If You Do Not Intend To Follow Through!,,,,US,0,0,0,0,0,1,100,5,2,Days_30,4,1,-1,1,,,,,
762,VerifyAdd,Failure,21916519,#quote#Error - Listing is missing required item specific(s): #quote##quote#Brand#comma# Style#comma# Size Type#comma# Size (Women's)#quote##quote#. Please provide the required item specifics.|Brand#comma# Style#comma# Size Type#comma# Size (Women's)|63862|#quote#,,,,,,,,,,,,,,,,,,,,,,,,,,,,,,4PF185NWHASML,,,,,,,,,,,,VerifyAdd,63862,Excelled Ms GenRabbitFur Parka White Small         ,,<html><body>empty</body></html>,1000,,http://images.nationalgeographic.com/wpf/media-live/photos/000/687/cache/bonobo-congo-ziegler_68751_990x742.jpg,1,Auction,0.01,,3,0,55406,Gallery,1,sales@skygroupcloseouts.com,If you need a revised invoice for combined shipping#comma# please contact us before paying so we can adjust the shipping costs.,,,,Flat,6.875,MN,1,0,55406,FedExHomeDelivery,12,1,10,1,4PF185NWHASML,ReturnsAccepted,MoneyBackOrExchange,Days_14,Buyer,Please contact us before returning any item. Items listed AS-IS or For Parts/Repair are not covered by our return policy.  We offer 14 days to return item after receiving it. If item is defective we will supply return shipping label. Item must be returned in original packaging with all accessories included. We also charge a 15% restocking fee for cancelled transactions that are not shipped#comma# or we let it go to eBay as an unpaid bidder case.  Do Not Bid If You Do Not Intend To Follow Through!,,,,US,0,0,0,0,0,1,100,5,2,Days_30,4,1,-1,1,,,,,
763,VerifyAdd,Failure,21916519,#quote#Error - Listing is missing required item specific(s): #quote##quote#Brand#comma# Style#comma# Size Type#comma# Size (Women's)#quote##quote#. Please provide the required item specifics.|Brand#comma# Style#comma# Size Type#comma# Size (Women's)|63862|#quote#,,,,,,,,,,,,,,,,,,,,,,,,,,,,,,4NF101NBLS090,,,,,,,,,,,,VerifyAdd,63862,Itasca WM Tahoe Boot Black 9                       ,,<html><body>empty</body></html>,1000,,http://images.nationalgeographic.com/wpf/media-live/photos/000/687/cache/bonobo-congo-ziegler_68751_990x742.jpg,1,Auction,0.01,,3,0,55406,Gallery,1,sales@skygroupcloseouts.com,If you need a revised invoice for combined shipping#comma# please contact us before paying so we can adjust the shipping costs.,,,,Flat,6.875,MN,1,0,55406,FedExHomeDelivery,12,1,10,1,4NF101NBLS090,ReturnsAccepted,MoneyBackOrExchange,Days_14,Buyer,Please contact us before returning any item. Items listed AS-IS or For Parts/Repair are not covered by our return policy.  We offer 14 days to return item after receiving it. If item is defective we will supply return shipping label. Item must be returned in original packaging with all accessories included. We also charge a 15% restocking fee for cancelled transactions that are not shipped#comma# or we let it go to eBay as an unpaid bidder case.  Do Not Bid If You Do Not Intend To Follow Through!,,,,US,0,0,0,0,0,1,100,5,2,Days_30,4,1,-1,1,,,,,
764,VerifyAdd,Failure,21916519,#quote#Error - Listing is missing required item specific(s): #quote##quote#Brand#comma# Style#comma# Size Type#comma# Size (Women's)#quote##quote#. Please provide the required item specifics.|Brand#comma# Style#comma# Size Type#comma# Size (Women's)|63862|#quote#,,,,,,,,,,,,,,,,,,,,,,,,,,,,,,4PF649NBLALRG,,,,,,,,,,,,VerifyAdd,63862,Excelled Ms Polyester Pea Coat Black Large         ,,<html><body>empty</body></html>,1000,,http://images.nationalgeographic.com/wpf/media-live/photos/000/687/cache/bonobo-congo-ziegler_68751_990x742.jpg,1,Auction,0.01,,3,0,55406,Gallery,1,sales@skygroupcloseouts.com,If you need a revised invoice for combined shipping#comma# please contact us before paying so we can adjust the shipping costs.,,,,Flat,6.875,MN,1,0,55406,FedExHomeDelivery,12,1,10,1,4PF649NBLALRG,ReturnsAccepted,MoneyBackOrExchange,Days_14,Buyer,Please contact us before returning any item. Items listed AS-IS or For Parts/Repair are not covered by our return policy.  We offer 14 days to return item after receiving it. If item is defective we will supply return shipping label. Item must be returned in original packaging with all accessories included. We also charge a 15% restocking fee for cancelled transactions that are not shipped#comma# or we let it go to eBay as an unpaid bidder case.  Do Not Bid If You Do Not Intend To Follow Through!,,,,US,0,0,0,0,0,1,100,5,2,Days_30,4,1,-1,1,,,,,
765,VerifyAdd,Failure,21916519,#quote#Error - Listing is missing required item specific(s): #quote##quote#Brand#comma# Style#comma# Size Type#comma# Size (Women's)#quote##quote#. Please provide the required item specifics.|Brand#comma# Style#comma# Size Type#comma# Size (Women's)|63862|#quote#,,,,,,,,,,,,,,,,,,,,,,,,,,,,,,4QB953NBLS085,,,,,,,,,,,,VerifyAdd,63862,CL  Z-Double Up Wedge Sandal Black 8 1/2           ,,<html><body>empty</body></html>,1000,,http://images.nationalgeographic.com/wpf/media-live/photos/000/687/cache/bonobo-congo-ziegler_68751_990x742.jpg,1,Auction,0.01,,3,0,55406,Gallery,1,sales@skygroupcloseouts.com,If you need a revised invoice for combined shipping#comma# please contact us before paying so we can adjust the shipping costs.,,,,Flat,6.875,MN,1,0,55406,FedExHomeDelivery,12,1,10,1,4QB953NBLS085,ReturnsAccepted,MoneyBackOrExchange,Days_14,Buyer,Please contact us before returning any item. Items listed AS-IS or For Parts/Repair are not covered by our return policy.  We offer 14 days to return item after receiving it. If item is defective we will supply return shipping label. Item must be returned in original packaging with all accessories included. We also charge a 15% restocking fee for cancelled transactions that are not shipped#comma# or we let it go to eBay as an unpaid bidder case.  Do Not Bid If You Do Not Intend To Follow Through!,,,,US,0,0,0,0,0,1,100,5,2,Days_30,4,1,-1,1,,,,,
766,VerifyAdd,Failure,21916519,#quote#Error - Listing is missing required item specific(s): #quote##quote#Brand#comma# Style#comma# Size Type#comma# Size (Women's)#quote##quote#. Please provide the required item specifics.|Brand#comma# Style#comma# Size Type#comma# Size (Women's)|63862|#quote#,,,,,,,,,,,,,,,,,,,,,,,,,,,,,,4NG4890000010,,,,,,,,,,,,VerifyAdd,63862,Melissa 17x17#quote# Pillow                              ,,<html><body>empty</body></html>,1000,,http://images.nationalgeographic.com/wpf/media-live/photos/000/687/cache/bonobo-congo-ziegler_68751_990x742.jpg,1,Auction,0.01,,3,0,55406,Gallery,1,sales@skygroupcloseouts.com,If you need a revised invoice for combined shipping#comma# please contact us before paying so we can adjust the shipping costs.,,,,Flat,6.875,MN,1,0,55406,FedExHomeDelivery,12,1,10,1,4NG4890000010,ReturnsAccepted,MoneyBackOrExchange,Days_14,Buyer,Please contact us before returning any item. Items listed AS-IS or For Parts/Repair are not covered by our return policy.  We offer 14 days to return item after receiving it. If item is defective we will supply return shipping label. Item must be returned in original packaging with all accessories included. We also charge a 15% restocking fee for cancelled transactions that are not shipped#comma# or we let it go to eBay as an unpaid bidder case.  Do Not Bid If You Do Not Intend To Follow Through!,,,,US,0,0,0,0,0,1,100,5,2,Days_30,4,1,-1,1,,,,,
767,VerifyAdd,Failure,21916519,#quote#Error - Listing is missing required item specific(s): #quote##quote#Brand#comma# Style#comma# Size Type#comma# Size (Women's)#quote##quote#. Please provide the required item specifics.|Brand#comma# Style#comma# Size Type#comma# Size (Women's)|63862|#quote#,,,,,,,,,,,,,,,,,,,,,,,,,,,,,,4PL0090000010,,,,,,,,,,,,VerifyAdd,63862,Hayden 18#quote#x84#quote# Valance                             ,,<html><body>empty</body></html>,1000,,http://images.nationalgeographic.com/wpf/media-live/photos/000/687/cache/bonobo-congo-ziegler_68751_990x742.jpg,1,Auction,0.01,,3,0,55406,Gallery,1,sales@skygroupcloseouts.com,If you need a revised invoice for combined shipping#comma# please contact us before paying so we can adjust the shipping costs.,,,,Flat,6.875,MN,1,0,55406,FedExHomeDelivery,12,1,10,1,4PL0090000010,ReturnsAccepted,MoneyBackOrExchange,Days_14,Buyer,Please contact us before returning any item. Items listed AS-IS or For Parts/Repair are not covered by our return policy.  We offer 14 days to return item after receiving it. If item is defective we will supply return shipping label. Item must be returned in original packaging with all accessories included. We also charge a 15% restocking fee for cancelled transactions that are not shipped#comma# or we let it go to eBay as an unpaid bidder case.  Do Not Bid If You Do Not Intend To Follow Through!,,,,US,0,0,0,0,0,1,100,5,2,Days_30,4,1,-1,1,,,,,
768,VerifyAdd,Failure,21916519,#quote#Error - Listing is missing required item specific(s): #quote##quote#Brand#comma# Style#comma# Size Type#comma# Size (Women's)#quote##quote#. Please provide the required item specifics.|Brand#comma# Style#comma# Size Type#comma# Size (Women's)|63862|#quote#,,,,,,,,,,,,,,,,,,,,,,,,,,,,,,4PF649REDAMED,,,,,,,,,,,,VerifyAdd,63862,Excelled Ms Polyester Pea Coat Red Medium          ,,<html><body>empty</body></html>,1000,,http://images.nationalgeographic.com/wpf/media-live/photos/000/687/cache/bonobo-congo-ziegler_68751_990x742.jpg,1,Auction,0.01,,3,0,55406,Gallery,1,sales@skygroupcloseouts.com,If you need a revised invoice for combined shipping#comma# please contact us before paying so we can adjust the shipping costs.,,,,Flat,6.875,MN,1,0,55406,FedExHomeDelivery,12,1,10,1,4PF649REDAMED,ReturnsAccepted,MoneyBackOrExchange,Days_14,Buyer,Please contact us before returning any item. Items listed AS-IS or For Parts/Repair are not covered by our return policy.  We offer 14 days to return item after receiving it. If item is defective we will supply return shipping label. Item must be returned in original packaging with all accessories included. We also charge a 15% restocking fee for cancelled transactions that are not shipped#comma# or we let it go to eBay as an unpaid bidder case.  Do Not Bid If You Do Not Intend To Follow Through!,,,,US,0,0,0,0,0,1,100,5,2,Days_30,4,1,-1,1,,,,,
769,VerifyAdd,Failure,21916519,#quote#Error - Listing is missing required item specific(s): #quote##quote#Brand#comma# Style#comma# Size Type#comma# Size (Women's)#quote##quote#. Please provide the required item specifics.|Brand#comma# Style#comma# Size Type#comma# Size (Women's)|63862|#quote#,,,,,,,,,,,,,,,,,,,,,,,,,,,,,,4PF650NBLA2XL,,,,,,,,,,,,VerifyAdd,63862,Excelled Wm Polyester Pea Coat Black 2 XL          ,,<html><body>empty</body></html>,1000,,http://images.nationalgeographic.com/wpf/media-live/photos/000/687/cache/bonobo-congo-ziegler_68751_990x742.jpg,1,Auction,0.01,,3,0,55406,Gallery,1,sales@skygroupcloseouts.com,If you need a revised invoice for combined shipping#comma# please contact us before paying so we can adjust the shipping costs.,,,,Flat,6.875,MN,1,0,55406,FedExHomeDelivery,12,1,10,1,4PF650NBLA2XL,ReturnsAccepted,MoneyBackOrExchange,Days_14,Buyer,Please contact us before returning any item. Items listed AS-IS or For Parts/Repair are not covered by our return policy.  We offer 14 days to return item after receiving it. If item is defective we will supply return shipping label. Item must be returned in original packaging with all accessories included. We also charge a 15% restocking fee for cancelled transactions that are not shipped#comma# or we let it go to eBay as an unpaid bidder case.  Do Not Bid If You Do Not Intend To Follow Through!,,,,US,0,0,0,0,0,1,100,5,2,Days_30,4,1,-1,1,,,,,
770,VerifyAdd,Failure,21916519,#quote#Error - Listing is missing required item specific(s): #quote##quote#Brand#comma# Style#comma# Size Type#comma# Size (Women's)#quote##quote#. Please provide the required item specifics.|Brand#comma# Style#comma# Size Type#comma# Size (Women's)|63862|#quote#,,,,,,,,,,,,,,,,,,,,,,,,,,,,,,4PK553FBEPPTL,,,,,,,,,,,,VerifyAdd,63862,NFL Pet Jersey Bears Large                         ,,<html><body>empty</body></html>,1000,,http://images.nationalgeographic.com/wpf/media-live/photos/000/687/cache/bonobo-congo-ziegler_68751_990x742.jpg,1,Auction,0.01,,3,0,55406,Gallery,1,sales@skygroupcloseouts.com,If you need a revised invoice for combined shipping#comma# please contact us before paying so we can adjust the shipping costs.,,,,Flat,6.875,MN,1,0,55406,FedExHomeDelivery,12,1,10,1,4PK553FBEPPTL,ReturnsAccepted,MoneyBackOrExchange,Days_14,Buyer,Please contact us before returning any item. Items listed AS-IS or For Parts/Repair are not covered by our return policy.  We offer 14 days to return item after receiving it. If item is defective we will supply return shipping label. Item must be returned in original packaging with all accessories included. We also charge a 15% restocking fee for cancelled transactions that are not shipped#comma# or we let it go to eBay as an unpaid bidder case.  Do Not Bid If You Do Not Intend To Follow Through!,,,,US,0,0,0,0,0,1,100,5,2,Days_30,4,1,-1,1,,,,,
771,VerifyAdd,Failure,21916519,#quote#Error - Listing is missing required item specific(s): #quote##quote#Brand#comma# Style#comma# Size Type#comma# Size (Women's)#quote##quote#. Please provide the required item specifics.|Brand#comma# Style#comma# Size Type#comma# Size (Women's)|63862|#quote#,,,,,,,,,,,,,,,,,,,,,,,,,,,,,,4F0851MPL0010,,,,,,,,,,,,VerifyAdd,63862,MyH SolidMicrofr QNComfortr-Plum/Lilac             ,,<html><body>empty</body></html>,1000,,http://images.nationalgeographic.com/wpf/media-live/photos/000/687/cache/bonobo-congo-ziegler_68751_990x742.jpg,1,Auction,0.01,,3,0,55406,Gallery,1,sales@skygroupcloseouts.com,If you need a revised invoice for combined shipping#comma# please contact us before paying so we can adjust the shipping costs.,,,,Flat,6.875,MN,1,0,55406,FedExHomeDelivery,12,1,10,1,4F0851MPL0010,ReturnsAccepted,MoneyBackOrExchange,Days_14,Buyer,Please contact us before returning any item. Items listed AS-IS or For Parts/Repair are not covered by our return policy.  We offer 14 days to return item after receiving it. If item is defective we will supply return shipping label. Item must be returned in original packaging with all accessories included. We also charge a 15% restocking fee for cancelled transactions that are not shipped#comma# or we let it go to eBay as an unpaid bidder case.  Do Not Bid If You Do Not Intend To Follow Through!,,,,US,0,0,0,0,0,1,100,5,2,Days_30,4,1,-1,1,,,,,
772,VerifyAdd,Failure,21916519,#quote#Error - Listing is missing required item specific(s): #quote##quote#Brand#comma# Style#comma# Size Type#comma# Bottoms Size (Women's)#quote##quote#. Please provide the required item specifics.|Brand#comma# Style#comma# Size Type#comma# Bottoms Size (Women's)|63863|#quote#,,,,,,,,,,,,,,,,,,,,,,,,,,,,,,4PR863NBLW026,,,,,,,,,,,,VerifyAdd,63863,Lee Wm Madison Skimmer Black 26W                   ,,<html><body>empty</body></html>,1000,,http://images.nationalgeographic.com/wpf/media-live/photos/000/687/cache/bonobo-congo-ziegler_68751_990x742.jpg,1,Auction,0.01,,3,0,55406,Gallery,1,sales@skygroupcloseouts.com,If you need a revised invoice for combined shipping#comma# please contact us before paying so we can adjust the shipping costs.,,,,Flat,6.875,MN,1,0,55406,FedExHomeDelivery,12,1,10,1,4PR863NBLW026,ReturnsAccepted,MoneyBackOrExchange,Days_14,Buyer,Please contact us before returning any item. Items listed AS-IS or For Parts/Repair are not covered by our return policy.  We offer 14 days to return item after receiving it. If item is defective we will supply return shipping label. Item must be returned in original packaging with all accessories included. We also charge a 15% restocking fee for cancelled transactions that are not shipped#comma# or we let it go to eBay as an unpaid bidder case.  Do Not Bid If You Do Not Intend To Follow Through!,,,,US,0,0,0,0,0,1,100,5,2,Days_30,4,1,-1,1,,,,,
773,VerifyAdd,Failure,21916519,#quote#Error - Listing is missing required item specific(s): #quote##quote#Brand#comma# Style#comma# Size Type#comma# Bottoms Size (Women's)#quote##quote#. Please provide the required item specifics.|Brand#comma# Style#comma# Size Type#comma# Bottoms Size (Women's)|63863|#quote#,,,,,,,,,,,,,,,,,,,,,,,,,,,,,,4PW585000WJ30,,,,,,,,,,,,VerifyAdd,63863,JSimp Ms KissMeJeg Peach Print 30                  ,,<html><body>empty</body></html>,1000,,http://images.nationalgeographic.com/wpf/media-live/photos/000/687/cache/bonobo-congo-ziegler_68751_990x742.jpg,1,Auction,0.01,,3,0,55406,Gallery,1,sales@skygroupcloseouts.com,If you need a revised invoice for combined shipping#comma# please contact us before paying so we can adjust the shipping costs.,,,,Flat,6.875,MN,1,0,55406,FedExHomeDelivery,12,1,10,1,4PW585000WJ30,ReturnsAccepted,MoneyBackOrExchange,Days_14,Buyer,Please contact us before returning any item. Items listed AS-IS or For Parts/Repair are not covered by our return policy.  We offer 14 days to return item after receiving it. If item is defective we will supply return shipping label. Item must be returned in original packaging with all accessories included. We also charge a 15% restocking fee for cancelled transactions that are not shipped#comma# or we let it go to eBay as an unpaid bidder case.  Do Not Bid If You Do Not Intend To Follow Through!,,,,US,0,0,0,0,0,1,100,5,2,Days_30,4,1,-1,1,,,,,
774,VerifyAdd,Failure,21916519,#quote#Error - Listing is missing required item specific(s): #quote##quote#Brand#comma# Style#comma# Size Type#comma# Bottoms Size (Women's)#quote##quote#. Please provide the required item specifics.|Brand#comma# Style#comma# Size Type#comma# Bottoms Size (Women's)|63863|#quote#,,,,,,,,,,,,,,,,,,,,,,,,,,,,,,4PH721GOLWJ25,,,,,,,,,,,,VerifyAdd,63863,JessSimpson Ms Kiss Me Jegging Olive 25            ,,<html><body>empty</body></html>,1000,,http://images.nationalgeographic.com/wpf/media-live/photos/000/687/cache/bonobo-congo-ziegler_68751_990x742.jpg,1,Auction,0.01,,3,0,55406,Gallery,1,sales@skygroupcloseouts.com,If you need a revised invoice for combined shipping#comma# please contact us before paying so we can adjust the shipping costs.,,,,Flat,6.875,MN,1,0,55406,FedExHomeDelivery,12,1,10,1,4PH721GOLWJ25,ReturnsAccepted,MoneyBackOrExchange,Days_14,Buyer,Please contact us before returning any item. Items listed AS-IS or For Parts/Repair are not covered by our return policy.  We offer 14 days to return item after receiving it. If item is defective we will supply return shipping label. Item must be returned in original packaging with all accessories included. We also charge a 15% restocking fee for cancelled transactions that are not shipped#comma# or we let it go to eBay as an unpaid bidder case.  Do Not Bid If You Do Not Intend To Follow Through!,,,,US,0,0,0,0,0,1,100,5,2,Days_30,4,1,-1,1,,,,,
775,VerifyAdd,Failure,21916519,#quote#Error - Listing is missing required item specific(s): #quote##quote#Brand#comma# Style#comma# Size Type#comma# Bottoms Size (Women's)#quote##quote#. Please provide the required item specifics.|Brand#comma# Style#comma# Size Type#comma# Bottoms Size (Women's)|63863|#quote#,,,,,,,,,,,,,,,,,,,,,,,,,,,,,,4NY697BDNW018,,,,,,,,,,,,VerifyAdd,63863,AppleBottoms WM 5PcktBltdCapri Denim 18W           ,,<html><body>empty</body></html>,1000,,http://images.nationalgeographic.com/wpf/media-live/photos/000/687/cache/bonobo-congo-ziegler_68751_990x742.jpg,1,Auction,0.01,,3,0,55406,Gallery,1,sales@skygroupcloseouts.com,If you need a revised invoice for combined shipping#comma# please contact us before paying so we can adjust the shipping costs.,,,,Flat,6.875,MN,1,0,55406,FedExHomeDelivery,12,1,10,1,4NY697BDNW018,ReturnsAccepted,MoneyBackOrExchange,Days_14,Buyer,Please contact us before returning any item. Items listed AS-IS or For Parts/Repair are not covered by our return policy.  We offer 14 days to return item after receiving it. If item is defective we will supply return shipping label. Item must be returned in original packaging with all accessories included. We also charge a 15% restocking fee for cancelled transactions that are not shipped#comma# or we let it go to eBay as an unpaid bidder case.  Do Not Bid If You Do Not Intend To Follow Through!,,,,US,0,0,0,0,0,1,100,5,2,Days_30,4,1,-1,1,,,,,
776,VerifyAdd,Failure,21916519,#quote#Error - Listing is missing required item specific(s): #quote##quote#Brand#comma# Style#comma# Size Type#comma# Bottoms Size (Women's)#quote##quote#. Please provide the required item specifics.|Brand#comma# Style#comma# Size Type#comma# Bottoms Size (Women's)|63863|#quote#,,,,,,,,,,,,,,,,,,,,,,,,,,,,,,4PS672000M008,,,,,,,,,,,,VerifyAdd,63863,LennieForNinaMsBeltHalter Maxi 8                   ,,<html><body>empty</body></html>,1000,,http://images.nationalgeographic.com/wpf/media-live/photos/000/687/cache/bonobo-congo-ziegler_68751_990x742.jpg,1,Auction,0.01,,3,0,55406,Gallery,1,sales@skygroupcloseouts.com,If you need a revised invoice for combined shipping#comma# please contact us before paying so we can adjust the shipping costs.,,,,Flat,6.875,MN,1,0,55406,FedExHomeDelivery,12,1,10,1,4PS672000M008,ReturnsAccepted,MoneyBackOrExchange,Days_14,Buyer,Please contact us before returning any item. Items listed AS-IS or For Parts/Repair are not covered by our return policy.  We offer 14 days to return item after receiving it. If item is defective we will supply return shipping label. Item must be returned in original packaging with all accessories included. We also charge a 15% restocking fee for cancelled transactions that are not shipped#comma# or we let it go to eBay as an unpaid bidder case.  Do Not Bid If You Do Not Intend To Follow Through!,,,,US,0,0,0,0,0,1,100,5,2,Days_30,4,1,-1,1,,,,,
777,VerifyAdd,Failure,21916519,#quote#Error - Listing is missing required item specific(s): #quote##quote#Brand#comma# Style#comma# Size Type#comma# Bottoms Size (Women's)#quote##quote#. Please provide the required item specifics.|Brand#comma# Style#comma# Size Type#comma# Bottoms Size (Women's)|63863|#quote#,,,,,,,,,,,,,,,,,,,,,,,,,,,,,,4NY697BLUW016,,,,,,,,,,,,VerifyAdd,63863,AppleBottoms WM 5PcktBltdCapri Blue 16W            ,,<html><body>empty</body></html>,1000,,http://images.nationalgeographic.com/wpf/media-live/photos/000/687/cache/bonobo-congo-ziegler_68751_990x742.jpg,1,Auction,0.01,,3,0,55406,Gallery,1,sales@skygroupcloseouts.com,If you need a revised invoice for combined shipping#comma# please contact us before paying so we can adjust the shipping costs.,,,,Flat,6.875,MN,1,0,55406,FedExHomeDelivery,12,1,10,1,4NY697BLUW016,ReturnsAccepted,MoneyBackOrExchange,Days_14,Buyer,Please contact us before returning any item. Items listed AS-IS or For Parts/Repair are not covered by our return policy.  We offer 14 days to return item after receiving it. If item is defective we will supply return shipping label. Item must be returned in original packaging with all accessories included. We also charge a 15% restocking fee for cancelled transactions that are not shipped#comma# or we let it go to eBay as an unpaid bidder case.  Do Not Bid If You Do Not Intend To Follow Through!,,,,US,0,0,0,0,0,1,100,5,2,Days_30,4,1,-1,1,,,,,
778,VerifyAdd,Failure,21916519,#quote#Error - Listing is missing required item specific(s): #quote##quote#Brand#comma# Style#comma# Size Type#comma# Bottoms Size (Women's)#quote##quote#. Please provide the required item specifics.|Brand#comma# Style#comma# Size Type#comma# Bottoms Size (Women's)|63863|#quote#,,,,,,,,,,,,,,,,,,,,,,,,,,,,,,4QH919NDB06TL,,,,,,,,,,,,VerifyAdd,63863,CarharttCanvasDungareeMiss2-18 Dark Brown6Tall     ,,<html><body>empty</body></html>,1000,,http://images.nationalgeographic.com/wpf/media-live/photos/000/687/cache/bonobo-congo-ziegler_68751_990x742.jpg,1,Auction,0.01,,3,0,55406,Gallery,1,sales@skygroupcloseouts.com,If you need a revised invoice for combined shipping#comma# please contact us before paying so we can adjust the shipping costs.,,,,Flat,6.875,MN,1,0,55406,FedExHomeDelivery,12,1,10,1,4QH919NDB06TL,ReturnsAccepted,MoneyBackOrExchange,Days_14,Buyer,Please contact us before returning any item. Items listed AS-IS or For Parts/Repair are not covered by our return policy.  We offer 14 days to return item after receiving it. If item is defective we will supply return shipping label. Item must be returned in original packaging with all accessories included. We also charge a 15% restocking fee for cancelled transactions that are not shipped#comma# or we let it go to eBay as an unpaid bidder case.  Do Not Bid If You Do Not Intend To Follow Through!,,,,US,0,0,0,0,0,1,100,5,2,Days_30,4,1,-1,1,,,,,
779,VerifyAdd,Failure,21916519,#quote#Error - Listing is missing required item specific(s): #quote##quote#Brand#comma# Style#comma# Size Type#comma# Bottoms Size (Women's)#quote##quote#. Please provide the required item specifics.|Brand#comma# Style#comma# Size Type#comma# Bottoms Size (Women's)|63863|#quote#,,,,,,,,,,,,,,,,,,,,,,,,,,,,,,4QH981NDBW830,,,,,,,,,,,,VerifyAdd,63863,CarharttMisSandstoneBibOverall Dark Brown8W30L     ,,<html><body>empty</body></html>,1000,,http://images.nationalgeographic.com/wpf/media-live/photos/000/687/cache/bonobo-congo-ziegler_68751_990x742.jpg,1,Auction,0.01,,3,0,55406,Gallery,1,sales@skygroupcloseouts.com,If you need a revised invoice for combined shipping#comma# please contact us before paying so we can adjust the shipping costs.,,,,Flat,6.875,MN,1,0,55406,FedExHomeDelivery,12,1,10,1,4QH981NDBW830,ReturnsAccepted,MoneyBackOrExchange,Days_14,Buyer,Please contact us before returning any item. Items listed AS-IS or For Parts/Repair are not covered by our return policy.  We offer 14 days to return item after receiving it. If item is defective we will supply return shipping label. Item must be returned in original packaging with all accessories included. We also charge a 15% restocking fee for cancelled transactions that are not shipped#comma# or we let it go to eBay as an unpaid bidder case.  Do Not Bid If You Do Not Intend To Follow Through!,,,,US,0,0,0,0,0,1,100,5,2,Days_30,4,1,-1,1,,,,,
780,VerifyAdd,Failure,21916519,#quote#Error - Listing is missing required item specific(s): #quote##quote#Brand#comma# Style#comma# Size Type#comma# Bottoms Size (Women's)#quote##quote#. Please provide the required item specifics.|Brand#comma# Style#comma# Size Type#comma# Bottoms Size (Women's)|63863|#quote#,,,,,,,,,,,,,,,,,,,,,,,,,,,,,,4PR863NWHW026,,,,,,,,,,,,VerifyAdd,63863,Lee Wm Madison Skimmer White 26W                   ,,<html><body>empty</body></html>,1000,,http://images.nationalgeographic.com/wpf/media-live/photos/000/687/cache/bonobo-congo-ziegler_68751_990x742.jpg,1,Auction,0.01,,3,0,55406,Gallery,1,sales@skygroupcloseouts.com,If you need a revised invoice for combined shipping#comma# please contact us before paying so we can adjust the shipping costs.,,,,Flat,6.875,MN,1,0,55406,FedExHomeDelivery,12,1,10,1,4PR863NWHW026,ReturnsAccepted,MoneyBackOrExchange,Days_14,Buyer,Please contact us before returning any item. Items listed AS-IS or For Parts/Repair are not covered by our return policy.  We offer 14 days to return item after receiving it. If item is defective we will supply return shipping label. Item must be returned in original packaging with all accessories included. We also charge a 15% restocking fee for cancelled transactions that are not shipped#comma# or we let it go to eBay as an unpaid bidder case.  Do Not Bid If You Do Not Intend To Follow Through!,,,,US,0,0,0,0,0,1,100,5,2,Days_30,4,1,-1,1,,,,,
781,VerifyAdd,Failure,21916519,#quote#Error - Listing is missing required item specific(s): #quote##quote#Brand#comma# Style#comma# Size Type#comma# Bottoms Size (Women's)#quote##quote#. Please provide the required item specifics.|Brand#comma# Style#comma# Size Type#comma# Bottoms Size (Women's)|63863|#quote#,,,,,,,,,,,,,,,,,,,,,,,,,,,,,,4PH721BMLWJ28,,,,,,,,,,,,VerifyAdd,63863,JessSimpson Ms Kiss Me Jegging Med. Blue 28        ,,<html><body>empty</body></html>,1000,,http://images.nationalgeographic.com/wpf/media-live/photos/000/687/cache/bonobo-congo-ziegler_68751_990x742.jpg,1,Auction,0.01,,3,0,55406,Gallery,1,sales@skygroupcloseouts.com,If you need a revised invoice for combined shipping#comma# please contact us before paying so we can adjust the shipping costs.,,,,Flat,6.875,MN,1,0,55406,FedExHomeDelivery,12,1,10,1,4PH721BMLWJ28,ReturnsAccepted,MoneyBackOrExchange,Days_14,Buyer,Please contact us before returning any item. Items listed AS-IS or For Parts/Repair are not covered by our return policy.  We offer 14 days to return item after receiving it. If item is defective we will supply return shipping label. Item must be returned in original packaging with all accessories included. We also charge a 15% restocking fee for cancelled transactions that are not shipped#comma# or we let it go to eBay as an unpaid bidder case.  Do Not Bid If You Do Not Intend To Follow Through!,,,,US,0,0,0,0,0,1,100,5,2,Days_30,4,1,-1,1,,,,,
782,VerifyAdd,Failure,21916519,#quote#Error - Listing is missing required item specific(s): #quote##quote#Brand#comma# Style#comma# Size Type#comma# Bottoms Size (Women's)#quote##quote#. Please provide the required item specifics.|Brand#comma# Style#comma# Size Type#comma# Bottoms Size (Women's)|63863|#quote#,,,,,,,,,,,,,,,,,,,,,,,,,,,,,,4N9046NLWP342,,,,,,,,,,,,VerifyAdd,63863,Carhartt Canvas Work Dungaree Lt. Brown 34W 32L    ,,<html><body>empty</body></html>,1000,,http://images.nationalgeographic.com/wpf/media-live/photos/000/687/cache/bonobo-congo-ziegler_68751_990x742.jpg,1,Auction,0.01,,3,0,55406,Gallery,1,sales@skygroupcloseouts.com,If you need a revised invoice for combined shipping#comma# please contact us before paying so we can adjust the shipping costs.,,,,Flat,6.875,MN,1,0,55406,FedExHomeDelivery,12,1,10,1,4N9046NLWP342,ReturnsAccepted,MoneyBackOrExchange,Days_14,Buyer,Please contact us before returning any item. Items listed AS-IS or For Parts/Repair are not covered by our return policy.  We offer 14 days to return item after receiving it. If item is defective we will supply return shipping label. Item must be returned in original packaging with all accessories included. We also charge a 15% restocking fee for cancelled transactions that are not shipped#comma# or we let it go to eBay as an unpaid bidder case.  Do Not Bid If You Do Not Intend To Follow Through!,,,,US,0,0,0,0,0,1,100,5,2,Days_30,4,1,-1,1,,,,,
783,VerifyAdd,Failure,21916519,#quote#Error - Listing is missing required item specific(s): #quote##quote#Brand#comma# Style#comma# Size Type#comma# Bottoms Size (Women's)#quote##quote#. Please provide the required item specifics.|Brand#comma# Style#comma# Size Type#comma# Bottoms Size (Women's)|63863|#quote#,,,,,,,,,,,,,,,,,,,,,,,,,,,,,,4PR859BDNM014,,,,,,,,,,,,VerifyAdd,63863,Lee Ms MarilynBeltCuffed Capri Denim 14            ,,<html><body>empty</body></html>,1000,,http://images.nationalgeographic.com/wpf/media-live/photos/000/687/cache/bonobo-congo-ziegler_68751_990x742.jpg,1,Auction,0.01,,3,0,55406,Gallery,1,sales@skygroupcloseouts.com,If you need a revised invoice for combined shipping#comma# please contact us before paying so we can adjust the shipping costs.,,,,Flat,6.875,MN,1,0,55406,FedExHomeDelivery,12,1,10,1,4PR859BDNM014,ReturnsAccepted,MoneyBackOrExchange,Days_14,Buyer,Please contact us before returning any item. Items listed AS-IS or For Parts/Repair are not covered by our return policy.  We offer 14 days to return item after receiving it. If item is defective we will supply return shipping label. Item must be returned in original packaging with all accessories included. We also charge a 15% restocking fee for cancelled transactions that are not shipped#comma# or we let it go to eBay as an unpaid bidder case.  Do Not Bid If You Do Not Intend To Follow Through!,,,,US,0,0,0,0,0,1,100,5,2,Days_30,4,1,-1,1,,,,,
784,VerifyAdd,Failure,21916519,#quote#Error - Listing is missing required item specific(s): #quote##quote#Brand#comma# Style#comma# Size Type#comma# Bottoms Size (Women's)#quote##quote#. Please provide the required item specifics.|Brand#comma# Style#comma# Size Type#comma# Bottoms Size (Women's)|63863|#quote#,,,,,,,,,,,,,,,,,,,,,,,,,,,,,,4PR859NWHM012,,,,,,,,,,,,VerifyAdd,63863,Lee Ms MarilynBeltCuffed Capri White 12            ,,<html><body>empty</body></html>,1000,,http://images.nationalgeographic.com/wpf/media-live/photos/000/687/cache/bonobo-congo-ziegler_68751_990x742.jpg,1,Auction,0.01,,3,0,55406,Gallery,1,sales@skygroupcloseouts.com,If you need a revised invoice for combined shipping#comma# please contact us before paying so we can adjust the shipping costs.,,,,Flat,6.875,MN,1,0,55406,FedExHomeDelivery,12,1,10,1,4PR859NWHM012,ReturnsAccepted,MoneyBackOrExchange,Days_14,Buyer,Please contact us before returning any item. Items listed AS-IS or For Parts/Repair are not covered by our return policy.  We offer 14 days to return item after receiving it. If item is defective we will supply return shipping label. Item must be returned in original packaging with all accessories included. We also charge a 15% restocking fee for cancelled transactions that are not shipped#comma# or we let it go to eBay as an unpaid bidder case.  Do Not Bid If You Do Not Intend To Follow Through!,,,,US,0,0,0,0,0,1,100,5,2,Days_30,4,1,-1,1,,,,,
785,VerifyAdd,Failure,21916519,#quote#Error - Listing is missing required item specific(s): #quote##quote#Brand#comma# Style#comma# Size Type#comma# Bottoms Size (Women's)#quote##quote#. Please provide the required item specifics.|Brand#comma# Style#comma# Size Type#comma# Bottoms Size (Women's)|63863|#quote#,,,,,,,,,,,,,,,,,,,,,,,,,,,,,,4PR862NBLM010,,,,,,,,,,,,VerifyAdd,63863,Lee Ms Madison Skimmer Black 10                    ,,<html><body>empty</body></html>,1000,,http://images.nationalgeographic.com/wpf/media-live/photos/000/687/cache/bonobo-congo-ziegler_68751_990x742.jpg,1,Auction,0.01,,3,0,55406,Gallery,1,sales@skygroupcloseouts.com,If you need a revised invoice for combined shipping#comma# please contact us before paying so we can adjust the shipping costs.,,,,Flat,6.875,MN,1,0,55406,FedExHomeDelivery,12,1,10,1,4PR862NBLM010,ReturnsAccepted,MoneyBackOrExchange,Days_14,Buyer,Please contact us before returning any item. Items listed AS-IS or For Parts/Repair are not covered by our return policy.  We offer 14 days to return item after receiving it. If item is defective we will supply return shipping label. Item must be returned in original packaging with all accessories included. We also charge a 15% restocking fee for cancelled transactions that are not shipped#comma# or we let it go to eBay as an unpaid bidder case.  Do Not Bid If You Do Not Intend To Follow Through!,,,,US,0,0,0,0,0,1,100,5,2,Days_30,4,1,-1,1,,,,,
786,VerifyAdd,Failure,21916519,#quote#Error - Listing is missing required item specific(s): #quote##quote#Brand#comma# Style#comma# Size Type#comma# Bottoms Size (Women's)#quote##quote#. Please provide the required item specifics.|Brand#comma# Style#comma# Size Type#comma# Bottoms Size (Women's)|63863|#quote#,,,,,,,,,,,,,,,,,,,,,,,,,,,,,,4PX458CHIM012,,,,,,,,,,,,VerifyAdd,63863,Lee Misses Wilson RollUp Capri Chai 12             ,,<html><body>empty</body></html>,1000,,http://images.nationalgeographic.com/wpf/media-live/photos/000/687/cache/bonobo-congo-ziegler_68751_990x742.jpg,1,Auction,0.01,,3,0,55406,Gallery,1,sales@skygroupcloseouts.com,If you need a revised invoice for combined shipping#comma# please contact us before paying so we can adjust the shipping costs.,,,,Flat,6.875,MN,1,0,55406,FedExHomeDelivery,12,1,10,1,4PX458CHIM012,ReturnsAccepted,MoneyBackOrExchange,Days_14,Buyer,Please contact us before returning any item. Items listed AS-IS or For Parts/Repair are not covered by our return policy.  We offer 14 days to return item after receiving it. If item is defective we will supply return shipping label. Item must be returned in original packaging with all accessories included. We also charge a 15% restocking fee for cancelled transactions that are not shipped#comma# or we let it go to eBay as an unpaid bidder case.  Do Not Bid If You Do Not Intend To Follow Through!,,,,US,0,0,0,0,0,1,100,5,2,Days_30,4,1,-1,1,,,,,
787,VerifyAdd,Failure,21916519,#quote#Error - Listing is missing required item specific(s): #quote##quote#Brand#comma# Style#comma# Size Type#comma# Bottoms Size (Women's)#quote##quote#. Please provide the required item specifics.|Brand#comma# Style#comma# Size Type#comma# Bottoms Size (Women's)|63863|#quote#,,,,,,,,,,,,,,,,,,,,,,,,,,,,,,4PW585000WJ26,,,,,,,,,,,,VerifyAdd,63863,JSimp Ms KissMeJeg Peach Print 26                  ,,<html><body>empty</body></html>,1000,,http://images.nationalgeographic.com/wpf/media-live/photos/000/687/cache/bonobo-congo-ziegler_68751_990x742.jpg,1,Auction,0.01,,3,0,55406,Gallery,1,sales@skygroupcloseouts.com,If you need a revised invoice for combined shipping#comma# please contact us before paying so we can adjust the shipping costs.,,,,Flat,6.875,MN,1,0,55406,FedExHomeDelivery,12,1,10,1,4PW585000WJ26,ReturnsAccepted,MoneyBackOrExchange,Days_14,Buyer,Please contact us before returning any item. Items listed AS-IS or For Parts/Repair are not covered by our return policy.  We offer 14 days to return item after receiving it. If item is defective we will supply return shipping label. Item must be returned in original packaging with all accessories included. We also charge a 15% restocking fee for cancelled transactions that are not shipped#comma# or we let it go to eBay as an unpaid bidder case.  Do Not Bid If You Do Not Intend To Follow Through!,,,,US,0,0,0,0,0,1,100,5,2,Days_30,4,1,-1,1,,,,,
788,VerifyAdd,Failure,21916519,#quote#Error - Listing is missing required item specific(s): #quote##quote#Brand#comma# Style#comma# Size Type#comma# Bottoms Size (Women's)#quote##quote#. Please provide the required item specifics.|Brand#comma# Style#comma# Size Type#comma# Bottoms Size (Women's)|63863|#quote#,,,,,,,,,,,,,,,,,,,,,,,,,,,,,,4PW585000WJ29,,,,,,,,,,,,VerifyAdd,63863,JSimp Ms KissMeJeg Peach Print 29                  ,,<html><body>empty</body></html>,1000,,http://images.nationalgeographic.com/wpf/media-live/photos/000/687/cache/bonobo-congo-ziegler_68751_990x742.jpg,1,Auction,0.01,,3,0,55406,Gallery,1,sales@skygroupcloseouts.com,If you need a revised invoice for combined shipping#comma# please contact us before paying so we can adjust the shipping costs.,,,,Flat,6.875,MN,1,0,55406,FedExHomeDelivery,12,1,10,1,4PW585000WJ29,ReturnsAccepted,MoneyBackOrExchange,Days_14,Buyer,Please contact us before returning any item. Items listed AS-IS or For Parts/Repair are not covered by our return policy.  We offer 14 days to return item after receiving it. If item is defective we will supply return shipping label. Item must be returned in original packaging with all accessories included. We also charge a 15% restocking fee for cancelled transactions that are not shipped#comma# or we let it go to eBay as an unpaid bidder case.  Do Not Bid If You Do Not Intend To Follow Through!,,,,US,0,0,0,0,0,1,100,5,2,Days_30,4,1,-1,1,,,,,
789,VerifyAdd,Failure,21916519,#quote#Error - Listing is missing required item specific(s): #quote##quote#Brand#comma# Style#comma# Size Type#comma# Bottoms Size (Women's)#quote##quote#. Please provide the required item specifics.|Brand#comma# Style#comma# Size Type#comma# Bottoms Size (Women's)|63863|#quote#,,,,,,,,,,,,,,,,,,,,,,,,,,,,,,4NY696BDNQJ12,,,,,,,,,,,,VerifyAdd,63863,AppleBottoms MS 5PcktBltdCapri Denim 11/12         ,,<html><body>empty</body></html>,1000,,http://images.nationalgeographic.com/wpf/media-live/photos/000/687/cache/bonobo-congo-ziegler_68751_990x742.jpg,1,Auction,0.01,,3,0,55406,Gallery,1,sales@skygroupcloseouts.com,If you need a revised invoice for combined shipping#comma# please contact us before paying so we can adjust the shipping costs.,,,,Flat,6.875,MN,1,0,55406,FedExHomeDelivery,12,1,10,1,4NY696BDNQJ12,ReturnsAccepted,MoneyBackOrExchange,Days_14,Buyer,Please contact us before returning any item. Items listed AS-IS or For Parts/Repair are not covered by our return policy.  We offer 14 days to return item after receiving it. If item is defective we will supply return shipping label. Item must be returned in original packaging with all accessories included. We also charge a 15% restocking fee for cancelled transactions that are not shipped#comma# or we let it go to eBay as an unpaid bidder case.  Do Not Bid If You Do Not Intend To Follow Through!,,,,US,0,0,0,0,0,1,100,5,2,Days_30,4,1,-1,1,,,,,
790,VerifyAdd,Failure,21916519,#quote#Error - Listing is missing required item specific(s): #quote##quote#Brand#comma# Style#comma# Size Type#comma# Bottoms Size (Women's)#quote##quote#. Please provide the required item specifics.|Brand#comma# Style#comma# Size Type#comma# Bottoms Size (Women's)|63863|#quote#,,,,,,,,,,,,,,,,,,,,,,,,,,,,,,4PW453GLEA1XL,,,,,,,,,,,,VerifyAdd,63863,AB Wm Belted High Low Dress Lime 1X                ,,<html><body>empty</body></html>,1000,,http://images.nationalgeographic.com/wpf/media-live/photos/000/687/cache/bonobo-congo-ziegler_68751_990x742.jpg,1,Auction,0.01,,3,0,55406,Gallery,1,sales@skygroupcloseouts.com,If you need a revised invoice for combined shipping#comma# please contact us before paying so we can adjust the shipping costs.,,,,Flat,6.875,MN,1,0,55406,FedExHomeDelivery,12,1,10,1,4PW453GLEA1XL,ReturnsAccepted,MoneyBackOrExchange,Days_14,Buyer,Please contact us before returning any item. Items listed AS-IS or For Parts/Repair are not covered by our return policy.  We offer 14 days to return item after receiving it. If item is defective we will supply return shipping label. Item must be returned in original packaging with all accessories included. We also charge a 15% restocking fee for cancelled transactions that are not shipped#comma# or we let it go to eBay as an unpaid bidder case.  Do Not Bid If You Do Not Intend To Follow Through!,,,,US,0,0,0,0,0,1,100,5,2,Days_30,4,1,-1,1,,,,,
791,VerifyAdd,Failure,21916519,#quote#Error - Listing is missing required item specific(s): #quote##quote#Brand#comma# Style#comma# Size Type#comma# Bottoms Size (Women's)#quote##quote#. Please provide the required item specifics.|Brand#comma# Style#comma# Size Type#comma# Bottoms Size (Women's)|63863|#quote#,,,,,,,,,,,,,,,,,,,,,,,,,,,,,,4PR859NWHM014,,,,,,,,,,,,VerifyAdd,63863,Lee Ms MarilynBeltCuffed Capri White 14            ,,<html><body>empty</body></html>,1000,,http://images.nationalgeographic.com/wpf/media-live/photos/000/687/cache/bonobo-congo-ziegler_68751_990x742.jpg,1,Auction,0.01,,3,0,55406,Gallery,1,sales@skygroupcloseouts.com,If you need a revised invoice for combined shipping#comma# please contact us before paying so we can adjust the shipping costs.,,,,Flat,6.875,MN,1,0,55406,FedExHomeDelivery,12,1,10,1,4PR859NWHM014,ReturnsAccepted,MoneyBackOrExchange,Days_14,Buyer,Please contact us before returning any item. Items listed AS-IS or For Parts/Repair are not covered by our return policy.  We offer 14 days to return item after receiving it. If item is defective we will supply return shipping label. Item must be returned in original packaging with all accessories included. We also charge a 15% restocking fee for cancelled transactions that are not shipped#comma# or we let it go to eBay as an unpaid bidder case.  Do Not Bid If You Do Not Intend To Follow Through!,,,,US,0,0,0,0,0,1,100,5,2,Days_30,4,1,-1,1,,,,,
792,VerifyAdd,Failure,21916519,#quote#Error - Listing is missing required item specific(s): #quote##quote#Brand#comma# Style#comma# Size Type#comma# Bottoms Size (Women's)#quote##quote#. Please provide the required item specifics.|Brand#comma# Style#comma# Size Type#comma# Bottoms Size (Women's)|63863|#quote#,,,,,,,,,,,,,,,,,,,,,,,,,,,,,,4PH721GOLWJ28,,,,,,,,,,,,VerifyAdd,63863,JessSimpson Ms Kiss Me Jegging Olive 28            ,,<html><body>empty</body></html>,1000,,http://images.nationalgeographic.com/wpf/media-live/photos/000/687/cache/bonobo-congo-ziegler_68751_990x742.jpg,1,Auction,0.01,,3,0,55406,Gallery,1,sales@skygroupcloseouts.com,If you need a revised invoice for combined shipping#comma# please contact us before paying so we can adjust the shipping costs.,,,,Flat,6.875,MN,1,0,55406,FedExHomeDelivery,12,1,10,1,4PH721GOLWJ28,ReturnsAccepted,MoneyBackOrExchange,Days_14,Buyer,Please contact us before returning any item. Items listed AS-IS or For Parts/Repair are not covered by our return policy.  We offer 14 days to return item after receiving it. If item is defective we will supply return shipping label. Item must be returned in original packaging with all accessories included. We also charge a 15% restocking fee for cancelled transactions that are not shipped#comma# or we let it go to eBay as an unpaid bidder case.  Do Not Bid If You Do Not Intend To Follow Through!,,,,US,0,0,0,0,0,1,100,5,2,Days_30,4,1,-1,1,,,,,
793,VerifyAdd,Failure,21916519,#quote#Error - Listing is missing required item specific(s): #quote##quote#Brand#comma# Style#comma# Size Type#comma# Bottoms Size (Women's)#quote##quote#. Please provide the required item specifics.|Brand#comma# Style#comma# Size Type#comma# Bottoms Size (Women's)|63863|#quote#,,,,,,,,,,,,,,,,,,,,,,,,,,,,,,4PS364000WJ26,,,,,,,,,,,,VerifyAdd,63863,JSimpsonMissKissMeJegg Feather 26                  ,,<html><body>empty</body></html>,1000,,http://images.nationalgeographic.com/wpf/media-live/photos/000/687/cache/bonobo-congo-ziegler_68751_990x742.jpg,1,Auction,0.01,,3,0,55406,Gallery,1,sales@skygroupcloseouts.com,If you need a revised invoice for combined shipping#comma# please contact us before paying so we can adjust the shipping costs.,,,,Flat,6.875,MN,1,0,55406,FedExHomeDelivery,12,1,10,1,4PS364000WJ26,ReturnsAccepted,MoneyBackOrExchange,Days_14,Buyer,Please contact us before returning any item. Items listed AS-IS or For Parts/Repair are not covered by our return policy.  We offer 14 days to return item after receiving it. If item is defective we will supply return shipping label. Item must be returned in original packaging with all accessories included. We also charge a 15% restocking fee for cancelled transactions that are not shipped#comma# or we let it go to eBay as an unpaid bidder case.  Do Not Bid If You Do Not Intend To Follow Through!,,,,US,0,0,0,0,0,1,100,5,2,Days_30,4,1,-1,1,,,,,
794,VerifyAdd,Failure,21916519,#quote#Error - Listing is missing required item specific(s): #quote##quote#Brand#comma# Style#comma# Size Type#comma# Size (Women's)#quote##quote#. Please provide the required item specifics.|Brand#comma# Style#comma# Size Type#comma# Size (Women's)|63866|#quote#,,,,,,,,,,,,,,,,,,,,,,,,,,,,,,4QH944NHGAMED,,,,,,,,,,,,VerifyAdd,63866,CarharttClarksburgSweatshrt Heather Gray Medium    ,,<html><body>empty</body></html>,1000,,http://images.nationalgeographic.com/wpf/media-live/photos/000/687/cache/bonobo-congo-ziegler_68751_990x742.jpg,1,Auction,0.01,,3,0,55406,Gallery,1,sales@skygroupcloseouts.com,If you need a revised invoice for combined shipping#comma# please contact us before paying so we can adjust the shipping costs.,,,,Flat,6.875,MN,1,0,55406,FedExHomeDelivery,12,1,10,1,4QH944NHGAMED,ReturnsAccepted,MoneyBackOrExchange,Days_14,Buyer,Please contact us before returning any item. Items listed AS-IS or For Parts/Repair are not covered by our return policy.  We offer 14 days to return item after receiving it. If item is defective we will supply return shipping label. Item must be returned in original packaging with all accessories included. We also charge a 15% restocking fee for cancelled transactions that are not shipped#comma# or we let it go to eBay as an unpaid bidder case.  Do Not Bid If You Do Not Intend To Follow Through!,,,,US,0,0,0,0,0,1,100,5,2,Days_30,4,1,-1,1,,,,,
795,VerifyAdd,Failure,21916519,#quote#Error - Listing is missing required item specific(s): #quote##quote#Brand#comma# Style#comma# Size Type#comma# Size (Women's)#quote##quote#. Please provide the required item specifics.|Brand#comma# Style#comma# Size Type#comma# Size (Women's)|63866|#quote#,,,,,,,,,,,,,,,,,,,,,,,,,,,,,,4QE868NGRA1XL,,,,,,,,,,,,VerifyAdd,63866,Lea Apparel Wm Sweater Coat Gray 1X                ,,<html><body>empty</body></html>,1000,,http://images.nationalgeographic.com/wpf/media-live/photos/000/687/cache/bonobo-congo-ziegler_68751_990x742.jpg,1,Auction,0.01,,3,0,55406,Gallery,1,sales@skygroupcloseouts.com,If you need a revised invoice for combined shipping#comma# please contact us before paying so we can adjust the shipping costs.,,,,Flat,6.875,MN,1,0,55406,FedExHomeDelivery,12,1,10,1,4QE868NGRA1XL,ReturnsAccepted,MoneyBackOrExchange,Days_14,Buyer,Please contact us before returning any item. Items listed AS-IS or For Parts/Repair are not covered by our return policy.  We offer 14 days to return item after receiving it. If item is defective we will supply return shipping label. Item must be returned in original packaging with all accessories included. We also charge a 15% restocking fee for cancelled transactions that are not shipped#comma# or we let it go to eBay as an unpaid bidder case.  Do Not Bid If You Do Not Intend To Follow Through!,,,,US,0,0,0,0,0,1,100,5,2,Days_30,4,1,-1,1,,,,,
796,VerifyAdd,Failure,21916519,#quote#Error - Listing is missing required item specific(s): #quote##quote#Brand#comma# Style#comma# Size Type#comma# Size (Women's)#quote##quote#. Please provide the required item specifics.|Brand#comma# Style#comma# Size Type#comma# Size (Women's)|63866|#quote#,,,,,,,,,,,,,,,,,,,,,,,,,,,,,,4QE867NGRALRG,,,,,,,,,,,,VerifyAdd,63866,Lea Apparel Ms Sweater Coat Gray Large             ,,<html><body>empty</body></html>,1000,,http://images.nationalgeographic.com/wpf/media-live/photos/000/687/cache/bonobo-congo-ziegler_68751_990x742.jpg,1,Auction,0.01,,3,0,55406,Gallery,1,sales@skygroupcloseouts.com,If you need a revised invoice for combined shipping#comma# please contact us before paying so we can adjust the shipping costs.,,,,Flat,6.875,MN,1,0,55406,FedExHomeDelivery,12,1,10,1,4QE867NGRALRG,ReturnsAccepted,MoneyBackOrExchange,Days_14,Buyer,Please contact us before returning any item. Items listed AS-IS or For Parts/Repair are not covered by our return policy.  We offer 14 days to return item after receiving it. If item is defective we will supply return shipping label. Item must be returned in original packaging with all accessories included. We also charge a 15% restocking fee for cancelled transactions that are not shipped#comma# or we let it go to eBay as an unpaid bidder case.  Do Not Bid If You Do Not Intend To Follow Through!,,,,US,0,0,0,0,0,1,100,5,2,Days_30,4,1,-1,1,,,,,
797,VerifyAdd,Failure,21916519,#quote#Error - Listing is missing required item specific(s): #quote##quote#Brand#comma# Style#comma# Size Type#comma# Size (Women's)#quote##quote#. Please provide the required item specifics.|Brand#comma# Style#comma# Size Type#comma# Size (Women's)|63866|#quote#,,,,,,,,,,,,,,,,,,,,,,,,,,,,,,4J3201NCT0010,,,,,,,,,,,,VerifyAdd,63866,Classic Soft Suede Chair Cover-Chocolate           ,,<html><body>empty</body></html>,1000,,http://images.nationalgeographic.com/wpf/media-live/photos/000/687/cache/bonobo-congo-ziegler_68751_990x742.jpg,1,Auction,0.01,,3,0,55406,Gallery,1,sales@skygroupcloseouts.com,If you need a revised invoice for combined shipping#comma# please contact us before paying so we can adjust the shipping costs.,,,,Flat,6.875,MN,1,0,55406,FedExHomeDelivery,12,1,10,1,4J3201NCT0010,ReturnsAccepted,MoneyBackOrExchange,Days_14,Buyer,Please contact us before returning any item. Items listed AS-IS or For Parts/Repair are not covered by our return policy.  We offer 14 days to return item after receiving it. If item is defective we will supply return shipping label. Item must be returned in original packaging with all accessories included. We also charge a 15% restocking fee for cancelled transactions that are not shipped#comma# or we let it go to eBay as an unpaid bidder case.  Do Not Bid If You Do Not Intend To Follow Through!,,,,US,0,0,0,0,0,1,100,5,2,Days_30,4,1,-1,1,,,,,
798,VerifyAdd,Failure,21916519,#quote#Error - Listing is missing required item specific(s): #quote##quote#Brand#comma# Style#comma# Size Type#comma# Size (Women's)#quote##quote#. Please provide the required item specifics.|Brand#comma# Style#comma# Size Type#comma# Size (Women's)|63866|#quote#,,,,,,,,,,,,,,,,,,,,,,,,,,,,,,4QE867BLUAXLG,,,,,,,,,,,,VerifyAdd,63866,Lea Apparel Ms Sweater Coat Blue X Large           ,,<html><body>empty</body></html>,1000,,http://images.nationalgeographic.com/wpf/media-live/photos/000/687/cache/bonobo-congo-ziegler_68751_990x742.jpg,1,Auction,0.01,,3,0,55406,Gallery,1,sales@skygroupcloseouts.com,If you need a revised invoice for combined shipping#comma# please contact us before paying so we can adjust the shipping costs.,,,,Flat,6.875,MN,1,0,55406,FedExHomeDelivery,12,1,10,1,4QE867BLUAXLG,ReturnsAccepted,MoneyBackOrExchange,Days_14,Buyer,Please contact us before returning any item. Items listed AS-IS or For Parts/Repair are not covered by our return policy.  We offer 14 days to return item after receiving it. If item is defective we will supply return shipping label. Item must be returned in original packaging with all accessories included. We also charge a 15% restocking fee for cancelled transactions that are not shipped#comma# or we let it go to eBay as an unpaid bidder case.  Do Not Bid If You Do Not Intend To Follow Through!,,,,US,0,0,0,0,0,1,100,5,2,Days_30,4,1,-1,1,,,,,
799,VerifyAdd,Failure,21916519,#quote#Error - Listing is missing required item specific(s): #quote##quote#Brand#comma# Style#comma# Size Type#comma# Size (Women's)#quote##quote#. Please provide the required item specifics.|Brand#comma# Style#comma# Size Type#comma# Size (Women's)|63866|#quote#,,,,,,,,,,,,,,,,,,,,,,,,,,,,,,4QE867BLUALRG,,,,,,,,,,,,VerifyAdd,63866,Lea Apparel Ms Sweater Coat Blue Large             ,,<html><body>empty</body></html>,1000,,http://images.nationalgeographic.com/wpf/media-live/photos/000/687/cache/bonobo-congo-ziegler_68751_990x742.jpg,1,Auction,0.01,,3,0,55406,Gallery,1,sales@skygroupcloseouts.com,If you need a revised invoice for combined shipping#comma# please contact us before paying so we can adjust the shipping costs.,,,,Flat,6.875,MN,1,0,55406,FedExHomeDelivery,12,1,10,1,4QE867BLUALRG,ReturnsAccepted,MoneyBackOrExchange,Days_14,Buyer,Please contact us before returning any item. Items listed AS-IS or For Parts/Repair are not covered by our return policy.  We offer 14 days to return item after receiving it. If item is defective we will supply return shipping label. Item must be returned in original packaging with all accessories included. We also charge a 15% restocking fee for cancelled transactions that are not shipped#comma# or we let it go to eBay as an unpaid bidder case.  Do Not Bid If You Do Not Intend To Follow Through!,,,,US,0,0,0,0,0,1,100,5,2,Days_30,4,1,-1,1,,,,,
800,VerifyAdd,Failure,21916519,#quote#Error - Listing is missing required item specific(s): #quote##quote#Brand#comma# Style#comma# Size Type#comma# Size (Women's)#quote##quote#. Please provide the required item specifics.|Brand#comma# Style#comma# Size Type#comma# Size (Women's)|63866|#quote#,,,,,,,,,,,,,,,,,,,,,,,,,,,,,,4QE867NBWALRG,,,,,,,,,,,,VerifyAdd,63866,Lea Apparel Ms Sweater Coat Brown Large            ,,<html><body>empty</body></html>,1000,,http://images.nationalgeographic.com/wpf/media-live/photos/000/687/cache/bonobo-congo-ziegler_68751_990x742.jpg,1,Auction,0.01,,3,0,55406,Gallery,1,sales@skygroupcloseouts.com,If you need a revised invoice for combined shipping#comma# please contact us before paying so we can adjust the shipping costs.,,,,Flat,6.875,MN,1,0,55406,FedExHomeDelivery,12,1,10,1,4QE867NBWALRG,ReturnsAccepted,MoneyBackOrExchange,Days_14,Buyer,Please contact us before returning any item. Items listed AS-IS or For Parts/Repair are not covered by our return policy.  We offer 14 days to return item after receiving it. If item is defective we will supply return shipping label. Item must be returned in original packaging with all accessories included. We also charge a 15% restocking fee for cancelled transactions that are not shipped#comma# or we let it go to eBay as an unpaid bidder case.  Do Not Bid If You Do Not Intend To Follow Through!,,,,US,0,0,0,0,0,1,100,5,2,Days_30,4,1,-1,1,,,,,
801,VerifyAdd,Failure,21916519,#quote#Error - Listing is missing required item specific(s): #quote##quote#Brand#comma# Style#comma# Size Type#comma# Size (Women's)#quote##quote#. Please provide the required item specifics.|Brand#comma# Style#comma# Size Type#comma# Size (Women's)|63866|#quote#,,,,,,,,,,,,,,,,,,,,,,,,,,,,,,4QE868BLUA1XL,,,,,,,,,,,,VerifyAdd,63866,Lea Apparel Wm Sweater Coat Blue 1X                ,,<html><body>empty</body></html>,1000,,http://images.nationalgeographic.com/wpf/media-live/photos/000/687/cache/bonobo-congo-ziegler_68751_990x742.jpg,1,Auction,0.01,,3,0,55406,Gallery,1,sales@skygroupcloseouts.com,If you need a revised invoice for combined shipping#comma# please contact us before paying so we can adjust the shipping costs.,,,,Flat,6.875,MN,1,0,55406,FedExHomeDelivery,12,1,10,1,4QE868BLUA1XL,ReturnsAccepted,MoneyBackOrExchange,Days_14,Buyer,Please contact us before returning any item. Items listed AS-IS or For Parts/Repair are not covered by our return policy.  We offer 14 days to return item after receiving it. If item is defective we will supply return shipping label. Item must be returned in original packaging with all accessories included. We also charge a 15% restocking fee for cancelled transactions that are not shipped#comma# or we let it go to eBay as an unpaid bidder case.  Do Not Bid If You Do Not Intend To Follow Through!,,,,US,0,0,0,0,0,1,100,5,2,Days_30,4,1,-1,1,,,,,
802,VerifyAdd,Failure,21916519,#quote#Error - Listing is missing required item specific(s): #quote##quote#Brand#comma# Style#comma# Size Type#comma# Size (Women's)#quote##quote#. Please provide the required item specifics.|Brand#comma# Style#comma# Size Type#comma# Size (Women's)|63866|#quote#,,,,,,,,,,,,,,,,,,,,,,,,,,,,,,4PF662PZK0010,,,,,,,,,,,,VerifyAdd,63866,MyhomeOutAfrica QNComf+Sheets-Zebra/Bla            ,,<html><body>empty</body></html>,1000,,http://images.nationalgeographic.com/wpf/media-live/photos/000/687/cache/bonobo-congo-ziegler_68751_990x742.jpg,1,Auction,0.01,,3,0,55406,Gallery,1,sales@skygroupcloseouts.com,If you need a revised invoice for combined shipping#comma# please contact us before paying so we can adjust the shipping costs.,,,,Flat,6.875,MN,1,0,55406,FedExHomeDelivery,12,1,10,1,4PF662PZK0010,ReturnsAccepted,MoneyBackOrExchange,Days_14,Buyer,Please contact us before returning any item. Items listed AS-IS or For Parts/Repair are not covered by our return policy.  We offer 14 days to return item after receiving it. If item is defective we will supply return shipping label. Item must be returned in original packaging with all accessories included. We also charge a 15% restocking fee for cancelled transactions that are not shipped#comma# or we let it go to eBay as an unpaid bidder case.  Do Not Bid If You Do Not Intend To Follow Through!,,,,US,0,0,0,0,0,1,100,5,2,Days_30,4,1,-1,1,,,,,
803,VerifyAdd,Failure,21916519,#quote#Error - Listing is missing required item specific(s): #quote##quote#Brand#comma# Style#comma# Size Type#comma# Size (Women's)#quote##quote#. Please provide the required item specifics.|Brand#comma# Style#comma# Size Type#comma# Size (Women's)|63866|#quote#,,,,,,,,,,,,,,,,,,,,,,,,,,,,,,4QE868NBWA1XL,,,,,,,,,,,,VerifyAdd,63866,Lea Apparel Wm Sweater Coat Brown 1X               ,,<html><body>empty</body></html>,1000,,http://images.nationalgeographic.com/wpf/media-live/photos/000/687/cache/bonobo-congo-ziegler_68751_990x742.jpg,1,Auction,0.01,,3,0,55406,Gallery,1,sales@skygroupcloseouts.com,If you need a revised invoice for combined shipping#comma# please contact us before paying so we can adjust the shipping costs.,,,,Flat,6.875,MN,1,0,55406,FedExHomeDelivery,12,1,10,1,4QE868NBWA1XL,ReturnsAccepted,MoneyBackOrExchange,Days_14,Buyer,Please contact us before returning any item. Items listed AS-IS or For Parts/Repair are not covered by our return policy.  We offer 14 days to return item after receiving it. If item is defective we will supply return shipping label. Item must be returned in original packaging with all accessories included. We also charge a 15% restocking fee for cancelled transactions that are not shipped#comma# or we let it go to eBay as an unpaid bidder case.  Do Not Bid If You Do Not Intend To Follow Through!,,,,US,0,0,0,0,0,1,100,5,2,Days_30,4,1,-1,1,,,,,
804,VerifyAdd,Failure,21916519,#quote#Error - Listing is missing required item specific(s): #quote##quote#Brand#comma# Style#comma# Size Type#comma# Size (Women's)#quote##quote#. Please provide the required item specifics.|Brand#comma# Style#comma# Size Type#comma# Size (Women's)|63866|#quote#,,,,,,,,,,,,,,,,,,,,,,,,,,,,,,4QE868NBWA2XL,,,,,,,,,,,,VerifyAdd,63866,Lea Apparel Wm Sweater Coat Brown 2 XL             ,,<html><body>empty</body></html>,1000,,http://images.nationalgeographic.com/wpf/media-live/photos/000/687/cache/bonobo-congo-ziegler_68751_990x742.jpg,1,Auction,0.01,,3,0,55406,Gallery,1,sales@skygroupcloseouts.com,If you need a revised invoice for combined shipping#comma# please contact us before paying so we can adjust the shipping costs.,,,,Flat,6.875,MN,1,0,55406,FedExHomeDelivery,12,1,10,1,4QE868NBWA2XL,ReturnsAccepted,MoneyBackOrExchange,Days_14,Buyer,Please contact us before returning any item. Items listed AS-IS or For Parts/Repair are not covered by our return policy.  We offer 14 days to return item after receiving it. If item is defective we will supply return shipping label. Item must be returned in original packaging with all accessories included. We also charge a 15% restocking fee for cancelled transactions that are not shipped#comma# or we let it go to eBay as an unpaid bidder case.  Do Not Bid If You Do Not Intend To Follow Through!,,,,US,0,0,0,0,0,1,100,5,2,Days_30,4,1,-1,1,,,,,
805,VerifyAdd,Failure,21916519,#quote#Error - Listing is missing required item specific(s): #quote##quote#Brand#comma# Style#comma# Size Type#comma# Size (Women's)#quote##quote#. Please provide the required item specifics.|Brand#comma# Style#comma# Size Type#comma# Size (Women's)|63866|#quote#,,,,,,,,,,,,,,,,,,,,,,,,,,,,,,4PX201RPKALRG,,,,,,,,,,,,VerifyAdd,63866,SpRotten Ms Beaded Neck Top Pink Large             ,,<html><body>empty</body></html>,1000,,http://images.nationalgeographic.com/wpf/media-live/photos/000/687/cache/bonobo-congo-ziegler_68751_990x742.jpg,1,Auction,0.01,,3,0,55406,Gallery,1,sales@skygroupcloseouts.com,If you need a revised invoice for combined shipping#comma# please contact us before paying so we can adjust the shipping costs.,,,,Flat,6.875,MN,1,0,55406,FedExHomeDelivery,12,1,10,1,4PX201RPKALRG,ReturnsAccepted,MoneyBackOrExchange,Days_14,Buyer,Please contact us before returning any item. Items listed AS-IS or For Parts/Repair are not covered by our return policy.  We offer 14 days to return item after receiving it. If item is defective we will supply return shipping label. Item must be returned in original packaging with all accessories included. We also charge a 15% restocking fee for cancelled transactions that are not shipped#comma# or we let it go to eBay as an unpaid bidder case.  Do Not Bid If You Do Not Intend To Follow Through!,,,,US,0,0,0,0,0,1,100,5,2,Days_30,4,1,-1,1,,,,,
806,VerifyAdd,Failure,21916519,#quote#Error - Listing is missing required item specific(s): #quote##quote#Brand#comma# Style#comma# Size Type#comma# Size (Women's)#quote##quote#. Please provide the required item specifics.|Brand#comma# Style#comma# Size Type#comma# Size (Women's)|63869|#quote#,,,,,,,,,,,,,,,,,,,,,,,,,,,,,,4F0862NCT0010,,,,,,,,,,,,VerifyAdd,63869,MyH SolidMicrofr KG Sheets-Chocolate               ,,<html><body>empty</body></html>,1000,,http://images.nationalgeographic.com/wpf/media-live/photos/000/687/cache/bonobo-congo-ziegler_68751_990x742.jpg,1,Auction,0.01,,3,0,55406,Gallery,1,sales@skygroupcloseouts.com,If you need a revised invoice for combined shipping#comma# please contact us before paying so we can adjust the shipping costs.,,,,Flat,6.875,MN,1,0,55406,FedExHomeDelivery,12,1,10,1,4F0862NCT0010,ReturnsAccepted,MoneyBackOrExchange,Days_14,Buyer,Please contact us before returning any item. Items listed AS-IS or For Parts/Repair are not covered by our return policy.  We offer 14 days to return item after receiving it. If item is defective we will supply return shipping label. Item must be returned in original packaging with all accessories included. We also charge a 15% restocking fee for cancelled transactions that are not shipped#comma# or we let it go to eBay as an unpaid bidder case.  Do Not Bid If You Do Not Intend To Follow Through!,,,,US,0,0,0,0,0,1,100,5,2,Days_30,4,1,-1,1,,,,,
807,VerifyAdd,Failure,21916519,#quote#Error - Listing is missing required item specific(s): #quote##quote#Brand#comma# Style#comma# Size Type#comma# Size (Women's)#quote##quote#. Please provide the required item specifics.|Brand#comma# Style#comma# Size Type#comma# Size (Women's)|63869|#quote#,,,,,,,,,,,,,,,,,,,,,,,,,,,,,,4PR859NWHM014,,,,,,,,,,,,VerifyAdd,63869,Lee Ms MarilynBeltCuffed Capri White 14            ,,<html><body>empty</body></html>,1000,,http://images.nationalgeographic.com/wpf/media-live/photos/000/687/cache/bonobo-congo-ziegler_68751_990x742.jpg,1,Auction,0.01,,3,0,55406,Gallery,1,sales@skygroupcloseouts.com,If you need a revised invoice for combined shipping#comma# please contact us before paying so we can adjust the shipping costs.,,,,Flat,6.875,MN,1,0,55406,FedExHomeDelivery,12,1,10,1,4PR859NWHM014,ReturnsAccepted,MoneyBackOrExchange,Days_14,Buyer,Please contact us before returning any item. Items listed AS-IS or For Parts/Repair are not covered by our return policy.  We offer 14 days to return item after receiving it. If item is defective we will supply return shipping label. Item must be returned in original packaging with all accessories included. We also charge a 15% restocking fee for cancelled transactions that are not shipped#comma# or we let it go to eBay as an unpaid bidder case.  Do Not Bid If You Do Not Intend To Follow Through!,,,,US,0,0,0,0,0,1,100,5,2,Days_30,4,1,-1,1,,,,,
823,VerifyAdd,Failure,21916519,#quote#Error - Listing is missing required item specific(s): #quote##quote#Brand#comma# US Shoe Size (Women's)#comma# Style#quote##quote#. Please provide the required item specifics.|Brand#comma# US Shoe Size (Women's)#comma# Style|95672|#quote#,,,,,,,,,,,,,,,,,,,,,,,,,,,,,,4PY5150000010,,,,,,,,,,,,VerifyAdd,95672,Easton Plaid Brown 84x84 Panel Pair                ,,<html><body>empty</body></html>,1000,,http://images.nationalgeographic.com/wpf/media-live/photos/000/687/cache/bonobo-congo-ziegler_68751_990x742.jpg,1,Auction,0.01,,3,0,55406,Gallery,1,sales@skygroupcloseouts.com,If you need a revised invoice for combined shipping#comma# please contact us before paying so we can adjust the shipping costs.,,,,Flat,6.875,MN,1,0,55406,FedExHomeDelivery,12,1,10,1,4PY5150000010,ReturnsAccepted,MoneyBackOrExchange,Days_14,Buyer,Please contact us before returning any item. Items listed AS-IS or For Parts/Repair are not covered by our return policy.  We offer 14 days to return item after receiving it. If item is defective we will supply return shipping label. Item must be returned in original packaging with all accessories included. We also charge a 15% restocking fee for cancelled transactions that are not shipped#comma# or we let it go to eBay as an unpaid bidder case.  Do Not Bid If You Do Not Intend To Follow Through!,,,,US,0,0,0,0,0,1,100,5,2,Days_30,4,1,-1,1,,,,,
824,VerifyAdd,Failure,21916519,#quote#Error - Listing is missing required item specific(s): #quote##quote#Brand#comma# US Shoe Size (Women's)#comma# Style#quote##quote#. Please provide the required item specifics.|Brand#comma# US Shoe Size (Women's)#comma# Style|95672|#quote#,,,,,,,,,,,,,,,,,,,,,,,,,,,,,,4PU393ABLS080,,,,,,,,,,,,VerifyAdd,95672,Skechers WM Raise your glass Black 8               ,,<html><body>empty</body></html>,1000,,http://images.nationalgeographic.com/wpf/media-live/photos/000/687/cache/bonobo-congo-ziegler_68751_990x742.jpg,1,Auction,0.01,,3,0,55406,Gallery,1,sales@skygroupcloseouts.com,If you need a revised invoice for combined shipping#comma# please contact us before paying so we can adjust the shipping costs.,,,,Flat,6.875,MN,1,0,55406,FedExHomeDelivery,12,1,10,1,4PU393ABLS080,ReturnsAccepted,MoneyBackOrExchange,Days_14,Buyer,Please contact us before returning any item. Items listed AS-IS or For Parts/Repair are not covered by our return policy.  We offer 14 days to return item after receiving it. If item is defective we will supply return shipping label. Item must be returned in original packaging with all accessories included. We also charge a 15% restocking fee for cancelled transactions that are not shipped#comma# or we let it go to eBay as an unpaid bidder case.  Do Not Bid If You Do Not Intend To Follow Through!,,,,US,0,0,0,0,0,1,100,5,2,Days_30,4,1,-1,1,,,,,
825,VerifyAdd,Failure,21916519,#quote#Error - Listing is missing required item specific(s): #quote##quote#Brand#comma# US Shoe Size (Women's)#comma# Style#quote##quote#. Please provide the required item specifics.|Brand#comma# US Shoe Size (Women's)#comma# Style|95672|#quote#,,,,,,,,,,,,,,,,,,,,,,,,,,,,,,4PH0680000010,,,,,,,,,,,,VerifyAdd,95672,Patricia Embellished 16x16 Pillow                  ,,<html><body>empty</body></html>,1000,,http://images.nationalgeographic.com/wpf/media-live/photos/000/687/cache/bonobo-congo-ziegler_68751_990x742.jpg,1,Auction,0.01,,3,0,55406,Gallery,1,sales@skygroupcloseouts.com,If you need a revised invoice for combined shipping#comma# please contact us before paying so we can adjust the shipping costs.,,,,Flat,6.875,MN,1,0,55406,FedExHomeDelivery,12,1,10,1,4PH0680000010,ReturnsAccepted,MoneyBackOrExchange,Days_14,Buyer,Please contact us before returning any item. Items listed AS-IS or For Parts/Repair are not covered by our return policy.  We offer 14 days to return item after receiving it. If item is defective we will supply return shipping label. Item must be returned in original packaging with all accessories included. We also charge a 15% restocking fee for cancelled transactions that are not shipped#comma# or we let it go to eBay as an unpaid bidder case.  Do Not Bid If You Do Not Intend To Follow Through!,,,,US,0,0,0,0,0,1,100,5,2,Days_30,4,1,-1,1,,,,,
837,VerifyAdd,Failure,21916519,#quote#Error - Listing is missing required item specific(s): #quote##quote#Brand#comma# Style#comma# Size Type#comma# Size (Men's)#quote##quote#. Please provide the required item specifics.|Brand#comma# Style#comma# Size Type#comma# Size (Men's)|155183|#quote#,,,,,,,,,,,,,,,,,,,,,,,,,,,,,,4J5819000A2XL,,,,,,,,,,,,VerifyAdd,155183,Berne Hood Zip Swtshrt-BLK-TL 2 XL                 ,,<html><body>empty</body></html>,1000,,http://images.nationalgeographic.com/wpf/media-live/photos/000/687/cache/bonobo-congo-ziegler_68751_990x742.jpg,1,Auction,0.01,,3,0,55406,Gallery,1,sales@skygroupcloseouts.com,If you need a revised invoice for combined shipping#comma# please contact us before paying so we can adjust the shipping costs.,,,,Flat,6.875,MN,1,0,55406,FedExHomeDelivery,12,1,10,1,4J5819000A2XL,ReturnsAccepted,MoneyBackOrExchange,Days_14,Buyer,Please contact us before returning any item. Items listed AS-IS or For Parts/Repair are not covered by our return policy.  We offer 14 days to return item after receiving it. If item is defective we will supply return shipping label. Item must be returned in original packaging with all accessories included. We also charge a 15% restocking fee for cancelled transactions that are not shipped#comma# or we let it go to eBay as an unpaid bidder case.  Do Not Bid If You Do Not Intend To Follow Through!,,,,US,0,0,0,0,0,1,100,5,2,Days_30,4,1,-1,1,,,,,
,VerifyAdd,Failure,21916519,#quote#Error - Listing is missing required item specific(s): #quote##quote#Brand#comma# Style#quote##quote#. Please provide the required item specifics.|Brand#comma# Style|63852|#quote#,,,,,,,,,,,,,,,,,,,,,,,,,,,,,,4PX652RCO0010,,,,,,,,,,,,63852,Relic Auburn Hobo Coral Womens Hand Bag,,,,,,,,,,,,,,,,,,,,,,,,,,,,,,,,2006-MEE1-11111111-JM,,,,,,,,,,,,,,,,,,,,,,,,,,,,,,,,,,,,,,,,,,,,,,,
,VerifyAdd,Failure,21916519,#quote#Error - Listing is missing required item specific(s): #quote##quote#Brand#comma# Style#quote##quote#. Please provide the required item specifics.|Brand#comma# Style|63852|#quote#,,,,,,,,,,,,,,,,,,,,,,,,,,,,,,4PX652RCO0010,,,,,,,,,,,,63852,Relic Auburn Hobo Coral Womens Hand Bag,,,,,,,,,,,,,,,,,,,,,,,,,,,,,,,,2005-MEE1-11111111-JM,,,,,,,,,,,,,,,,,,,,,,,,,,,,,,,,,,,,,,,,,,,,,,,